,ts_code_x,trade_date,open,high,low,close,pre_close,change,pct_change,vol,amount,ts_code_y,adj_factor
0,002239.SZ,20080522,15.15,16.0,14.0,14.6,9.33,5.27,56.48,212583.96,317213.3333,002239.SZ,1.0
1,002239.SZ,20080523,14.0,14.0,13.14,13.15,14.6,-1.45,-9.93,89830.26,120331.0808,002239.SZ,1.0
2,002239.SZ,20080526,12.68,12.81,12.09,12.2,13.15,-0.95,-7.22,46323.98,57222.8517,002239.SZ,1.0
3,002239.SZ,20080527,12.35,12.49,11.93,12.26,12.2,0.06,0.49,25454.1,31013.7261,002239.SZ,1.0
4,002239.SZ,20080528,12.15,12.47,11.98,12.3,12.26,0.04,0.33,28696.1,34942.3433,002239.SZ,1.0
5,002239.SZ,20080529,12.19,12.47,11.98,12.0,12.3,-0.3,-2.44,27267.79,33170.7112,002239.SZ,1.0
6,002239.SZ,20080530,12.01,12.17,11.67,11.81,12.0,-0.19,-1.58,27692.7,32771.8716,002239.SZ,1.0
7,002239.SZ,20080602,11.8,12.15,11.72,12.05,11.81,0.24,2.03,19391.93,23218.4491,002239.SZ,1.0
8,002239.SZ,20080603,12.05,12.07,11.79,11.85,12.05,-0.2,-1.66,13495.04,16045.1797,002239.SZ,1.0
9,002239.SZ,20080604,11.8,11.85,11.4,11.52,11.85,-0.33,-2.78,14892.64,17255.0947,002239.SZ,1.0
10,002239.SZ,20080605,11.43,11.75,11.43,11.57,11.52,0.05,0.43,13888.9,16116.0694,002239.SZ,1.0
11,002239.SZ,20080606,11.63,11.94,11.63,11.77,11.57,0.2,1.73,18724.22,22123.0005,002239.SZ,1.0
12,002239.SZ,20080610,11.28,11.52,10.59,10.69,11.77,-1.08,-9.18,23293.04,25478.0788,002239.SZ,1.0
13,002239.SZ,20080611,10.69,10.73,10.11,10.41,10.69,-0.28,-2.62,11900.48,12399.5343,002239.SZ,1.0
14,002239.SZ,20080612,10.21,10.47,10.12,10.33,10.41,-0.08,-0.77,15426.2,15839.8399,002239.SZ,1.0
15,002239.SZ,20080613,10.35,10.47,9.9,9.9,10.33,-0.43,-4.16,13461.35,13624.4771,002239.SZ,1.0
16,002239.SZ,20080616,9.81,10.01,9.67,9.9,9.9,0.0,0.0,12057.16,11871.8604,002239.SZ,1.0
17,002239.SZ,20080617,9.93,10.4,9.72,9.95,9.9,0.05,0.51,17798.54,17903.4672,002239.SZ,1.0
18,002239.SZ,20080618,9.94,10.42,9.6,10.32,9.95,0.37,3.72,20372.65,20691.7409,002239.SZ,1.0
19,002239.SZ,20080619,10.15,10.2,9.29,9.29,10.32,-1.03,-9.98,20334.41,19749.5916,002239.SZ,1.0
20,002239.SZ,20080620,9.35,9.72,8.83,9.29,9.29,0.0,0.0,20044.81,18722.2318,002239.SZ,1.0
21,002239.SZ,20080623,9.09,9.17,8.88,8.9,9.29,-0.39,-4.2,8433.75,7626.6804,002239.SZ,1.0
22,002239.SZ,20080624,8.94,9.21,8.89,9.16,8.9,0.26,2.92,8144.54,7387.9012,002239.SZ,1.0
23,002239.SZ,20080625,9.16,9.67,9.11,9.59,9.16,0.43,4.69,19554.72,18484.7458,002239.SZ,1.0
24,002239.SZ,20080626,9.53,9.77,9.43,9.67,9.59,0.08,0.83,17105.33,16417.2535,002239.SZ,1.0
25,002239.SZ,20080627,9.27,9.37,8.76,8.89,9.67,-0.78,-8.07,12777.35,11647.8006,002239.SZ,1.0
26,002239.SZ,20080630,8.88,9.06,8.71,8.98,8.89,0.09,1.01,7012.0,6229.8674,002239.SZ,1.0
27,002239.SZ,20080701,8.99,9.18,8.86,8.96,8.98,-0.02,-0.22,7357.49,6632.6504,002239.SZ,1.0
28,002239.SZ,20080702,8.96,9.2,8.9,9.11,8.96,0.15,1.67,5902.93,5360.8859,002239.SZ,1.0
29,002239.SZ,20080703,9.0,9.48,8.91,9.37,9.11,0.26,2.85,15213.92,14120.3485,002239.SZ,1.0
30,002239.SZ,20080704,9.3,9.45,9.1,9.2,9.37,-0.17,-1.81,11118.91,10320.7461,002239.SZ,1.0
31,002239.SZ,20080707,9.17,9.63,9.11,9.58,9.2,0.38,4.13,13589.6,12861.496,002239.SZ,1.0
32,002239.SZ,20080708,9.58,9.66,9.38,9.62,9.58,0.04,0.42,12975.79,12389.6335,002239.SZ,1.0
33,002239.SZ,20080709,9.62,10.1,9.62,10.0,9.62,0.38,3.95,22685.52,22299.542,002239.SZ,1.0
34,002239.SZ,20080710,9.84,10.13,9.75,9.77,10.0,-0.23,-2.3,17204.99,17105.4182,002239.SZ,1.0
35,002239.SZ,20080711,9.73,9.85,9.45,9.57,9.77,-0.2,-2.05,8886.19,8524.3736,002239.SZ,1.0
36,002239.SZ,20080714,9.62,9.87,9.55,9.86,9.57,0.29,3.03,10644.93,10381.8157,002239.SZ,1.0
37,002239.SZ,20080715,10.0,10.35,9.88,9.95,9.86,0.09,0.91,27432.34,27665.4027,002239.SZ,1.0
38,002239.SZ,20080716,9.99,10.26,9.28,9.72,9.95,-0.23,-2.31,22430.49,22303.0437,002239.SZ,1.0
39,002239.SZ,20080717,9.97,10.48,9.8,10.35,9.72,0.63,6.48,37551.83,38203.2275,002239.SZ,1.0
40,002239.SZ,20080718,10.33,10.5,9.9,10.23,10.35,-0.12,-1.16,25686.75,26232.4318,002239.SZ,1.0
41,002239.SZ,20080721,10.14,10.56,10.11,10.54,10.23,0.31,3.03,20163.95,20964.2492,002239.SZ,1.0
42,002239.SZ,20080722,10.48,10.57,10.25,10.36,10.54,-0.18,-1.71,15901.23,16515.263,002239.SZ,1.0
43,002239.SZ,20080723,10.5,10.52,10.07,10.15,10.36,-0.21,-2.03,13921.15,14241.1736,002239.SZ,1.0
44,002239.SZ,20080724,10.16,10.38,10.09,10.25,10.15,0.1,0.99,11475.49,11725.1011,002239.SZ,1.0
45,002239.SZ,20080725,10.21,10.21,10.07,10.11,10.25,-0.14,-1.37,10017.28,10138.5,002239.SZ,1.0
46,002239.SZ,20080728,10.13,10.47,10.06,10.33,10.11,0.22,2.18,14270.05,14675.0108,002239.SZ,1.0
47,002239.SZ,20080729,10.21,10.47,10.15,10.45,10.33,0.12,1.16,15111.83,15568.1133,002239.SZ,1.0
48,002239.SZ,20080730,10.54,10.8,10.3,10.7,10.45,0.25,2.39,19845.93,21020.5908,002239.SZ,1.0
49,002239.SZ,20080731,10.4,10.67,10.31,10.35,10.7,-0.35,-3.27,11916.7,12448.0896,002239.SZ,1.0
50,002239.SZ,20080801,10.75,10.94,10.4,10.58,10.35,0.23,2.22,45610.63,48668.944,002239.SZ,1.0
51,002239.SZ,20080804,10.23,10.38,10.07,10.25,10.58,-0.33,-3.12,23878.71,24221.1849,002239.SZ,1.0
52,002239.SZ,20080805,10.2,10.25,9.89,10.19,10.25,-0.06,-0.59,20024.0,20077.4598,002239.SZ,1.0
53,002239.SZ,20080806,10.09,10.32,9.78,10.3,10.19,0.11,1.08,18826.75,19019.5851,002239.SZ,1.0
54,002239.SZ,20080807,10.6,10.6,10.12,10.49,10.3,0.19,1.84,30489.89,31677.5783,002239.SZ,1.0
55,002239.SZ,20080808,10.54,10.75,9.78,10.18,10.49,-0.31,-2.96,39348.31,41108.731,002239.SZ,1.0
56,002239.SZ,20080811,9.8,10.0,9.16,9.16,10.18,-1.02,-10.02,23371.34,21642.4854,002239.SZ,1.0
57,002239.SZ,20080812,8.78,8.9,8.3,8.55,9.16,-0.61,-6.66,13842.0,11838.3601,002239.SZ,1.0
58,002239.SZ,20080813,8.4,8.46,7.77,8.44,8.55,-0.11,-1.29,9985.33,8139.0648,002239.SZ,1.0
59,002239.SZ,20080814,8.29,8.35,8.06,8.25,8.44,-0.19,-2.25,5164.52,4251.2355,002239.SZ,1.0
60,002239.SZ,20080815,8.3,8.5,8.01,8.26,8.25,0.01,0.12,8897.78,7402.8227,002239.SZ,1.0
61,002239.SZ,20080818,8.3,8.4,7.51,7.51,8.26,-0.75,-9.08,7412.0,5876.3085,002239.SZ,1.0
62,002239.SZ,20080819,7.3,7.65,7.3,7.6,7.51,0.09,1.2,7680.32,5778.5395,002239.SZ,1.0
63,002239.SZ,20080820,7.5,8.28,7.34,8.24,7.6,0.64,8.42,14694.72,11663.3286,002239.SZ,1.0
64,002239.SZ,20080821,8.0,8.18,7.68,7.72,8.24,-0.52,-6.31,9869.2,7800.1413,002239.SZ,1.0
65,002239.SZ,20080822,7.15,7.49,7.15,7.39,7.72,-0.33,-4.27,31365.02,22765.3586,002239.SZ,1.0
66,002239.SZ,20080825,7.21,7.52,7.13,7.35,7.39,-0.04,-0.54,17806.79,13050.176,002239.SZ,1.0
67,002239.SZ,20080826,7.28,7.28,6.69,6.78,7.35,-0.57,-7.76,16858.7,11757.5152,002239.SZ,1.0
68,002239.SZ,20080827,6.77,6.98,6.55,6.9,6.78,0.12,1.77,13553.29,9160.4693,002239.SZ,1.0
69,002239.SZ,20080828,6.87,6.94,6.65,6.78,6.9,-0.12,-1.74,9375.67,6365.1896,002239.SZ,1.0
70,002239.SZ,20080829,6.8,7.11,6.77,6.98,6.78,0.2,2.95,13229.11,9197.5159,002239.SZ,1.0
71,002239.SZ,20080901,6.88,6.91,6.68,6.78,6.98,-0.2,-2.87,8508.7,5760.9663,002239.SZ,1.0
72,002239.SZ,20080902,6.7,6.89,6.61,6.85,6.78,0.07,1.03,8852.24,6014.7284,002239.SZ,1.0
73,002239.SZ,20080903,6.85,6.93,6.6,6.91,6.85,0.06,0.88,13231.58,8967.0446,002239.SZ,1.0
74,002239.SZ,20080904,6.81,7.06,6.75,6.97,6.91,0.06,0.87,9709.58,6712.3837,002239.SZ,1.0
75,002239.SZ,20080905,6.78,6.89,6.63,6.76,6.97,-0.21,-3.01,10636.77,7186.6616,002239.SZ,1.0
76,002239.SZ,20080908,6.73,6.75,6.25,6.26,6.76,-0.5,-7.4,9106.07,5857.1458,002239.SZ,1.0
77,002239.SZ,20080909,6.29,6.38,6.21,6.34,6.26,0.08,1.28,4393.29,2766.6903,002239.SZ,1.0
78,002239.SZ,20080910,6.28,6.47,6.25,6.35,6.34,0.01,0.16,5371.87,3417.5674,002239.SZ,1.0
79,002239.SZ,20080911,6.38,6.4,6.19,6.23,6.35,-0.12,-1.89,4532.27,2842.7018,002239.SZ,1.0
80,002239.SZ,20080912,6.22,6.32,6.2,6.26,6.23,0.03,0.48,3447.52,2156.676,002239.SZ,1.0
81,002239.SZ,20080916,6.2,6.2,6.0,6.02,6.26,-0.24,-3.83,6503.99,3965.8083,002239.SZ,1.0
82,002239.SZ,20080917,6.05,6.09,5.84,5.87,6.02,-0.15,-2.49,5727.52,3410.899,002239.SZ,1.0
83,002239.SZ,20080918,5.71,5.73,5.28,5.5,5.87,-0.37,-6.3,15528.13,8485.4067,002239.SZ,1.0
84,002239.SZ,20080919,5.98,6.05,5.8,6.05,5.5,0.55,10.0,15282.43,9158.8158,002239.SZ,1.0
85,002239.SZ,20080922,6.38,6.62,6.08,6.25,6.05,0.2,3.31,27007.27,17071.4967,002239.SZ,1.0
86,002239.SZ,20080923,6.06,6.06,5.68,5.68,6.25,-0.57,-9.12,14699.15,8604.8217,002239.SZ,1.0
87,002239.SZ,20080924,5.6,5.78,5.51,5.78,5.68,0.1,1.76,5366.75,3038.5119,002239.SZ,1.0
88,002239.SZ,20080925,5.75,6.03,5.74,5.95,5.78,0.17,2.94,11661.12,6917.9735,002239.SZ,1.0
89,002239.SZ,20080926,6.0,6.04,5.88,6.01,5.95,0.06,1.01,8218.2,4902.7579,002239.SZ,1.0
90,002239.SZ,20081006,5.9,5.91,5.68,5.69,6.01,-0.32,-5.32,6264.62,3612.3453,002239.SZ,1.0
91,002239.SZ,20081007,5.53,5.8,5.52,5.74,5.69,0.05,0.88,5405.9,3068.4105,002239.SZ,1.0
92,002239.SZ,20081008,5.65,5.68,5.52,5.58,5.74,-0.16,-2.79,4865.09,2721.9977,002239.SZ,1.0
93,002239.SZ,20081009,5.69,5.71,5.5,5.55,5.58,-0.03,-0.54,4224.92,2356.7661,002239.SZ,1.0
94,002239.SZ,20081010,5.35,5.45,5.13,5.14,5.55,-0.41,-7.39,9511.93,4997.2286,002239.SZ,1.0
95,002239.SZ,20081013,5.01,5.11,4.72,5.11,5.14,-0.03,-0.58,8025.83,3983.9922,002239.SZ,1.0
96,002239.SZ,20081014,5.24,5.25,4.9,4.9,5.11,-0.21,-4.11,9986.9,5143.0615,002239.SZ,1.0
97,002239.SZ,20081015,4.83,4.92,4.76,4.82,4.9,-0.08,-1.63,4081.1,1963.6061,002239.SZ,1.0
98,002239.SZ,20081016,4.64,4.64,4.41,4.43,4.82,-0.39,-8.09,9873.34,4467.9194,002239.SZ,1.0
99,002239.SZ,20081017,4.48,4.62,4.43,4.56,4.43,0.13,2.93,7808.11,3546.2105,002239.SZ,1.0
100,002239.SZ,20081020,4.57,4.79,4.47,4.77,4.56,0.21,4.61,10120.35,4719.1457,002239.SZ,1.0
101,002239.SZ,20081021,4.76,4.94,4.69,4.81,4.77,0.04,0.84,9803.28,4706.2292,002239.SZ,1.0
102,002239.SZ,20081022,4.88,5.03,4.76,4.78,4.81,-0.03,-0.62,17688.24,8669.7922,002239.SZ,1.0
103,002239.SZ,20081023,4.6,4.77,4.47,4.7,4.78,-0.08,-1.67,8851.03,4079.5219,002239.SZ,1.0
104,002239.SZ,20081024,4.7,4.78,4.59,4.65,4.7,-0.05,-1.06,5587.88,2615.371,002239.SZ,1.0
105,002239.SZ,20081027,4.6,4.65,4.26,4.27,4.65,-0.38,-8.17,6972.67,3077.7007,002239.SZ,1.0
106,002239.SZ,20081028,4.2,4.43,4.16,4.39,4.27,0.12,2.81,5140.63,2215.1804,002239.SZ,1.0
107,002239.SZ,20081029,4.58,4.79,4.43,4.49,4.39,0.1,2.28,17549.79,8129.7355,002239.SZ,1.0
108,002239.SZ,20081030,4.49,4.62,4.36,4.53,4.49,0.04,0.89,11491.31,5154.0357,002239.SZ,1.0
109,002239.SZ,20081031,4.56,4.58,4.42,4.46,4.53,-0.07,-1.55,6748.33,3030.3987,002239.SZ,1.0
110,002239.SZ,20081103,4.43,4.53,4.36,4.48,4.46,0.02,0.45,3417.3,1523.7131,002239.SZ,1.0
111,002239.SZ,20081104,4.48,4.48,4.33,4.43,4.48,-0.05,-1.12,3580.96,1575.7642,002239.SZ,1.0
112,002239.SZ,20081105,4.48,4.65,4.47,4.61,4.43,0.18,4.06,9856.74,4515.1227,002239.SZ,1.0
113,002239.SZ,20081106,4.5,4.65,4.42,4.63,4.61,0.02,0.43,6040.92,2747.0255,002239.SZ,1.0
114,002239.SZ,20081107,4.55,4.85,4.52,4.85,4.63,0.22,4.75,11825.71,5617.336,002239.SZ,1.0
115,002239.SZ,20081110,4.99,5.28,4.96,5.21,4.85,0.36,7.42,24384.47,12476.4073,002239.SZ,1.0
116,002239.SZ,20081111,5.11,5.2,5.05,5.06,5.21,-0.15,-2.88,16388.17,8387.4114,002239.SZ,1.0
117,002239.SZ,20081112,4.98,5.27,4.96,5.23,5.06,0.17,3.36,14505.62,7424.9455,002239.SZ,1.0
118,002239.SZ,20081113,5.21,5.58,5.15,5.44,5.23,0.21,4.02,22526.64,12170.0813,002239.SZ,1.0
119,002239.SZ,20081114,5.45,5.6,5.35,5.6,5.44,0.16,2.94,25452.0,13956.6927,002239.SZ,1.0
120,002239.SZ,20081117,5.52,5.8,5.46,5.8,5.6,0.2,3.57,27167.78,15330.7441,002239.SZ,1.0
121,002239.SZ,20081118,5.72,5.78,5.22,5.22,5.8,-0.58,-10.0,25613.16,13877.9526,002239.SZ,1.0
122,002239.SZ,20081119,5.18,5.74,5.18,5.73,5.22,0.51,9.77,27478.17,14988.4481,002239.SZ,1.0
123,002239.SZ,20081120,5.9,6.2,5.78,5.98,5.73,0.25,4.36,53837.85,32131.9985,002239.SZ,1.0
124,002239.SZ,20081121,5.79,6.15,5.63,6.01,5.98,0.03,0.5,46047.82,27010.0049,002239.SZ,1.0
125,002239.SZ,20081124,6.05,6.16,5.65,5.68,6.01,-0.33,-5.49,28875.83,17012.6649,002239.SZ,1.0
126,002239.SZ,20081125,5.8,5.9,5.38,5.53,5.68,-0.15,-2.64,12311.64,6947.7111,002239.SZ,1.0
127,002239.SZ,20081126,5.49,5.6,5.4,5.51,5.53,-0.02,-0.36,13174.4,7230.3483,002239.SZ,1.0
128,002239.SZ,20081127,5.9,5.9,5.48,5.48,5.51,-0.03,-0.54,21456.93,12306.2122,002239.SZ,1.0
129,002239.SZ,20081128,5.48,5.48,5.48,5.48,5.48,0.0,0.0,0.0,0.0,002239.SZ,1.0
130,002239.SZ,20081201,5.46,5.86,5.41,5.82,5.48,0.34,6.2,19529.46,11149.1496,002239.SZ,1.0
131,002239.SZ,20081202,5.69,6.2,5.65,6.1,5.82,0.28,4.81,44677.33,27028.8748,002239.SZ,1.0
132,002239.SZ,20081203,6.18,6.58,6.18,6.42,6.1,0.32,5.25,48630.37,31182.2801,002239.SZ,1.0
133,002239.SZ,20081204,6.5,6.68,6.28,6.48,6.42,0.06,0.93,50875.04,32893.191,002239.SZ,1.0
134,002239.SZ,20081205,6.4,6.78,6.33,6.71,6.48,0.23,3.55,34552.13,22684.1743,002239.SZ,1.0
135,002239.SZ,20081208,6.88,7.2,6.76,6.99,6.71,0.28,4.17,47277.12,33029.6482,002239.SZ,1.0
136,002239.SZ,20081209,7.0,7.08,6.73,6.76,6.99,-0.23,-3.29,30022.12,20703.1099,002239.SZ,1.0
137,002239.SZ,20081210,6.7,7.08,6.65,7.0,6.76,0.24,3.55,22216.35,15202.0726,002239.SZ,1.0
138,002239.SZ,20081211,7.0,7.12,6.6,6.62,7.0,-0.38,-5.43,29742.28,20696.7468,002239.SZ,1.0
139,002239.SZ,20081212,6.54,6.66,6.11,6.28,6.62,-0.34,-5.14,22835.66,14482.4773,002239.SZ,1.0
140,002239.SZ,20081215,6.3,6.79,6.24,6.74,6.28,0.46,7.32,23301.66,15084.2537,002239.SZ,1.0
141,002239.SZ,20081216,6.66,6.97,6.52,6.92,6.74,0.18,2.67,33028.8,22251.4626,002239.SZ,1.0
142,002239.SZ,20081217,6.85,7.07,6.77,6.85,6.92,-0.07,-1.01,35671.2,24636.654,002239.SZ,1.0
143,002239.SZ,20081218,6.87,6.94,6.68,6.91,6.85,0.06,0.88,19217.58,13103.4498,002239.SZ,1.0
144,002239.SZ,20081219,6.94,7.19,6.91,7.09,6.91,0.18,2.6,34006.75,23987.2046,002239.SZ,1.0
145,002239.SZ,20081222,7.14,7.55,7.06,7.37,7.09,0.28,3.95,40428.66,29562.4937,002239.SZ,1.0
146,002239.SZ,20081223,7.37,7.39,6.7,6.72,7.37,-0.65,-8.82,37121.51,26237.4152,002239.SZ,1.0
147,002239.SZ,20081224,6.39,6.79,6.39,6.66,6.72,-0.06,-0.89,20567.23,13571.2622,002239.SZ,1.0
148,002239.SZ,20081225,6.65,6.79,6.5,6.66,6.66,0.0,0.0,14801.42,9838.8444,002239.SZ,1.0
149,002239.SZ,20081226,6.72,6.9,6.68,6.73,6.66,0.07,1.05,18380.21,12488.0617,002239.SZ,1.0
150,002239.SZ,20081229,6.77,6.77,6.3,6.55,6.73,-0.18,-2.67,15928.09,10354.5525,002239.SZ,1.0
151,002239.SZ,20081230,6.55,7.2,6.5,7.19,6.55,0.64,9.77,44099.15,30595.9801,002239.SZ,1.0
152,002239.SZ,20081231,7.05,7.28,6.95,6.97,7.19,-0.22,-3.06,35152.88,24935.4145,002239.SZ,1.0
153,002239.SZ,20090105,7.01,7.28,6.98,7.28,6.97,0.31,4.45,35833.7,25675.1111,002239.SZ,1.0
154,002239.SZ,20090106,7.27,7.48,7.17,7.37,7.28,0.09,1.24,40559.8,29598.6379,002239.SZ,1.0
155,002239.SZ,20090107,7.34,7.43,7.26,7.33,7.37,-0.04,-0.54,28172.87,20740.8074,002239.SZ,1.0
156,002239.SZ,20090108,7.2,7.58,7.05,7.52,7.33,0.19,2.59,37889.63,27636.8195,002239.SZ,1.0
157,002239.SZ,20090109,7.45,7.93,7.43,7.76,7.52,0.24,3.19,53575.2,41501.4683,002239.SZ,1.0
158,002239.SZ,20090112,7.8,8.22,7.74,7.79,7.76,0.03,0.39,56188.22,44811.957,002239.SZ,1.0
159,002239.SZ,20090113,7.67,7.94,7.47,7.49,7.79,-0.3,-3.85,32287.23,24896.6554,002239.SZ,1.0
160,002239.SZ,20090114,7.5,7.98,7.49,7.92,7.49,0.43,5.74,24975.9,19430.0522,002239.SZ,1.0
161,002239.SZ,20090115,7.81,8.17,7.81,7.92,7.92,0.0,0.0,25727.67,20610.0875,002239.SZ,1.0
162,002239.SZ,20090116,7.95,8.11,7.74,7.77,7.92,-0.15,-1.89,32746.98,25953.1671,002239.SZ,1.0
163,002239.SZ,20090119,7.79,7.88,7.44,7.77,7.77,0.0,0.0,24433.98,18698.1661,002239.SZ,1.0
164,002239.SZ,20090120,7.7,7.86,7.67,7.81,7.77,0.04,0.51,13485.17,10498.5156,002239.SZ,1.0
165,002239.SZ,20090121,7.74,7.9,7.55,7.64,7.81,-0.17,-2.18,14528.09,11276.1843,002239.SZ,1.0
166,002239.SZ,20090122,7.74,7.88,7.66,7.84,7.64,0.2,2.62,12726.95,9868.1758,002239.SZ,1.0
167,002239.SZ,20090123,7.81,7.93,7.77,7.81,7.84,-0.03,-0.38,15076.5,11827.8637,002239.SZ,1.0
168,002239.SZ,20090202,7.87,8.07,7.76,8.04,7.81,0.23,2.94,19887.8,15716.3133,002239.SZ,1.0
169,002239.SZ,20090203,8.04,8.25,8.04,8.2,8.04,0.16,1.99,28030.17,22980.2357,002239.SZ,1.0
170,002239.SZ,20090204,8.24,8.29,8.1,8.22,8.2,0.02,0.24,23585.05,19271.7234,002239.SZ,1.0
171,002239.SZ,20090205,8.22,8.29,7.92,7.96,8.22,-0.26,-3.16,27750.54,22620.6331,002239.SZ,1.0
172,002239.SZ,20090206,7.93,8.31,7.93,8.27,7.96,0.31,3.89,28696.54,23523.1151,002239.SZ,1.0
173,002239.SZ,20090209,8.3,8.5,8.27,8.42,8.27,0.15,1.81,33610.81,28197.397,002239.SZ,1.0
174,002239.SZ,20090210,8.38,8.81,8.3,8.78,8.42,0.36,4.28,32861.4,28406.9442,002239.SZ,1.0
175,002239.SZ,20090211,8.69,9.05,8.56,8.82,8.78,0.04,0.46,37085.01,32830.0109,002239.SZ,1.0
176,002239.SZ,20090212,8.79,8.96,8.45,8.92,8.82,0.1,1.13,28289.81,24568.1233,002239.SZ,1.0
177,002239.SZ,20090213,8.9,9.49,8.86,9.38,8.92,0.46,5.16,41103.09,37841.9246,002239.SZ,1.0
178,002239.SZ,20090216,9.48,9.54,9.1,9.39,9.38,0.01,0.11,29934.39,27851.1508,002239.SZ,1.0
179,002239.SZ,20090217,9.28,9.4,8.9,8.94,9.39,-0.45,-4.79,21772.57,19928.5982,002239.SZ,1.0
180,002239.SZ,20090218,8.78,9.43,8.71,9.14,8.94,0.2,2.24,34144.07,31148.6886,002239.SZ,1.0
181,002239.SZ,20090219,9.15,9.56,9.15,9.52,9.14,0.38,4.16,30510.69,28716.5879,002239.SZ,1.0
182,002239.SZ,20090220,9.75,9.88,9.51,9.65,9.52,0.13,1.37,24288.93,23553.3544,002239.SZ,1.0
183,002239.SZ,20090223,9.65,10.08,9.55,10.03,9.65,0.38,3.94,24757.94,24388.3033,002239.SZ,1.0
184,002239.SZ,20090224,9.9,10.92,9.85,10.13,10.03,0.1,1.0,37144.49,38699.9161,002239.SZ,1.0
185,002239.SZ,20090225,10.53,10.65,10.27,10.53,10.13,0.4,3.95,38338.24,40097.16,002239.SZ,1.0
186,002239.SZ,20090226,10.6,11.35,9.66,9.73,10.53,-0.8,-7.6,57944.98,62064.5719,002239.SZ,1.0
187,002239.SZ,20090227,9.55,9.9,8.76,8.8,9.73,-0.93,-9.56,45641.98,41550.2466,002239.SZ,1.0
188,002239.SZ,20090302,8.96,9.68,8.96,9.68,8.8,0.88,10.0,38207.08,35579.5684,002239.SZ,1.0
189,002239.SZ,20090303,9.4,10.41,9.26,10.06,9.68,0.38,3.93,42704.54,42110.9225,002239.SZ,1.0
190,002239.SZ,20090304,10.21,10.73,10.05,10.68,10.06,0.62,6.16,50519.75,52288.8462,002239.SZ,1.0
191,002239.SZ,20090305,10.68,10.75,10.12,10.44,10.68,-0.24,-2.25,46482.83,48559.6654,002239.SZ,1.0
192,002239.SZ,20090306,10.15,10.99,10.1,10.82,10.44,0.38,3.64,42117.72,44798.6666,002239.SZ,1.0
193,002239.SZ,20090309,10.82,11.03,10.0,10.0,10.82,-0.82,-7.58,37598.33,39591.9226,002239.SZ,1.0
194,002239.SZ,20090310,9.83,10.56,9.7,10.49,10.0,0.49,4.9,22080.58,22648.6437,002239.SZ,1.0
195,002239.SZ,20090311,10.55,11.2,10.47,10.98,10.49,0.49,4.67,48299.25,52271.1119,002239.SZ,1.0
196,002239.SZ,20090312,10.89,10.89,10.2,10.65,10.98,-0.33,-3.01,36091.6,38183.4801,002239.SZ,1.0
197,002239.SZ,20090313,10.75,10.89,10.27,10.27,10.65,-0.38,-3.57,24699.15,26093.7871,002239.SZ,1.0
198,002239.SZ,20090316,10.08,10.49,10.01,10.38,10.27,0.11,1.07,17290.83,17820.3115,002239.SZ,1.0
199,002239.SZ,20090317,10.37,10.72,10.23,10.6,10.38,0.22,2.12,21943.23,23083.7093,002239.SZ,1.0
200,002239.SZ,20090318,10.73,10.83,10.52,10.62,10.6,0.02,0.19,29428.62,31335.6988,002239.SZ,1.0
201,002239.SZ,20090319,10.62,10.95,10.5,10.9,10.62,0.28,2.64,32528.05,34933.9068,002239.SZ,1.0
202,002239.SZ,20090320,10.9,10.96,10.47,10.57,10.9,-0.33,-3.03,28508.75,30289.0624,002239.SZ,1.0
203,002239.SZ,20090323,10.51,10.68,10.43,10.58,10.57,0.01,0.09,25454.59,26910.9965,002239.SZ,1.0
204,002239.SZ,20090324,10.69,10.99,10.5,10.88,10.58,0.3,2.84,33319.59,35949.9769,002239.SZ,1.0
205,002239.SZ,20090325,10.75,11.26,10.74,10.74,10.88,-0.14,-1.29,36295.17,39929.5068,002239.SZ,1.0
206,002239.SZ,20090326,10.85,11.12,10.68,10.99,10.74,0.25,2.33,26880.25,29298.2863,002239.SZ,1.0
207,002239.SZ,20090327,11.09,11.66,11.01,11.45,10.99,0.46,4.19,46218.85,52723.8322,002239.SZ,1.0
208,002239.SZ,20090330,11.45,11.96,11.35,11.75,11.45,0.3,2.62,35662.97,41911.6955,002239.SZ,1.0
209,002239.SZ,20090331,11.4,12.1,11.27,12.08,11.75,0.33,2.81,29741.4,34454.8708,002239.SZ,1.0
210,002239.SZ,20090401,12.16,12.16,11.77,11.88,12.08,-0.2,-1.66,32693.26,39061.9767,002239.SZ,1.0
211,002239.SZ,20090402,11.92,12.06,11.75,11.75,11.88,-0.13,-1.09,29099.73,34539.5647,002239.SZ,1.0
212,002239.SZ,20090403,11.8,12.2,11.45,12.15,11.75,0.4,3.4,42876.27,50768.3869,002239.SZ,1.0
213,002239.SZ,20090407,12.19,13.32,12.16,12.96,12.15,0.81,6.67,49696.27,63831.2283,002239.SZ,1.0
214,002239.SZ,20090408,12.88,13.09,12.28,12.28,12.96,-0.68,-5.25,33945.79,42829.5696,002239.SZ,1.0
215,002239.SZ,20090409,12.24,12.98,12.24,12.8,12.28,0.52,4.23,31770.97,40085.8774,002239.SZ,1.0
216,002239.SZ,20090410,12.82,13.88,12.7,13.71,12.8,0.91,7.11,44794.24,59993.6001,002239.SZ,1.0
217,002239.SZ,20090413,13.65,13.65,13.05,13.52,13.71,-0.19,-1.39,65346.67,87289.2025,002239.SZ,1.0
218,002239.SZ,20090414,13.3,14.38,13.2,14.11,13.52,0.59,4.36,52268.47,72324.2384,002239.SZ,1.0
219,002239.SZ,20090415,14.0,14.9,13.79,14.62,14.11,0.51,3.61,43647.03,63639.9399,002239.SZ,1.0
220,002239.SZ,20090416,14.65,14.88,14.12,14.45,14.62,-0.17,-1.16,33303.59,48076.5706,002239.SZ,1.0
221,002239.SZ,20090417,14.47,14.47,13.45,13.57,14.45,-0.88,-6.09,34483.42,47564.2078,002239.SZ,1.0
222,002239.SZ,20090420,13.29,14.09,13.21,13.92,13.57,0.35,2.58,22720.48,31220.2146,002239.SZ,1.0
223,002239.SZ,20090421,13.8,13.8,12.88,13.19,13.92,-0.73,-5.24,29312.13,39070.0482,002239.SZ,1.0
224,002239.SZ,20090422,13.32,13.53,12.0,12.26,13.19,-0.93,-7.05,35103.98,44884.741,002239.SZ,1.0
225,002239.SZ,20090423,12.1,12.84,12.1,12.7,12.26,0.44,3.59,24328.56,30421.4191,002239.SZ,1.0
226,002239.SZ,20090424,12.6,12.89,12.28,12.38,12.7,-0.32,-2.52,16815.84,21063.2085,002239.SZ,1.0
227,002239.SZ,20090427,12.38,12.47,11.19,11.2,12.38,-1.18,-9.53,26226.01,30443.7777,002239.SZ,1.0
228,002239.SZ,20090428,11.65,12.32,11.64,12.32,11.2,1.12,10.0,17956.83,21716.1589,002239.SZ,1.0
229,002239.SZ,20090429,12.8,12.96,12.14,12.44,12.32,0.12,0.97,42871.77,53598.922,002239.SZ,1.0
230,002239.SZ,20090430,12.4,12.75,12.27,12.55,12.44,0.11,0.88,23007.87,28848.0935,002239.SZ,1.0
231,002239.SZ,20090504,12.6,13.09,12.54,13.03,12.55,0.48,3.82,32249.98,41409.9972,002239.SZ,1.0
232,002239.SZ,20090505,13.08,13.2,12.8,13.06,13.03,0.03,0.23,31593.25,41006.7278,002239.SZ,1.0
233,002239.SZ,20090506,13.0,13.45,12.9,13.34,13.06,0.28,2.14,31128.77,41055.2193,002239.SZ,1.0
234,002239.SZ,20090507,13.45,13.68,12.9,13.18,13.34,-0.16,-1.2,33482.13,44243.0277,002239.SZ,1.0
235,002239.SZ,20090508,13.1,13.38,12.73,13.18,13.18,0.0,0.0,31764.87,41329.2664,002239.SZ,1.0
236,002239.SZ,20090511,13.16,14.24,12.81,13.38,13.18,0.2,1.52,64452.99,87049.8571,002239.SZ,1.0
237,002239.SZ,20090512,13.42,14.54,13.42,14.3,13.38,0.92,6.88,87634.7,121451.4515,002239.SZ,1.0
238,002239.SZ,20090513,14.25,14.25,13.71,13.85,14.3,-0.45,-3.15,43578.68,60593.9829,002239.SZ,1.0
239,002239.SZ,20090514,13.75,13.75,13.31,13.44,13.85,-0.41,-2.96,29297.24,39466.1909,002239.SZ,1.0
240,002239.SZ,20090515,13.43,13.65,13.34,13.58,13.44,0.14,1.04,21696.8,29308.3557,002239.SZ,1.0
241,002239.SZ,20090518,13.52,13.56,13.14,13.29,13.58,-0.29,-2.14,19733.02,26145.1834,002239.SZ,1.0
242,002239.SZ,20090519,13.3,13.46,13.21,13.28,13.29,-0.01,-0.08,17285.83,23019.3461,002239.SZ,1.0
243,002239.SZ,20090520,13.28,13.39,13.21,13.21,13.28,-0.07,-0.53,15624.48,20774.4351,002239.SZ,1.0
244,002239.SZ,20090521,13.13,13.15,12.65,12.67,13.21,-0.54,-4.09,25556.66,32723.4849,002239.SZ,1.0
245,002239.SZ,20090522,12.57,12.98,12.55,12.69,12.67,0.02,0.16,13588.81,17417.7469,002239.SZ,1.0
246,002239.SZ,20090525,12.5,12.97,12.3,12.9,12.69,0.21,1.65,14954.32,18875.6068,002239.SZ,1.0
247,002239.SZ,20090526,12.9,12.9,12.9,12.9,12.9,0.0,0.0,0.0,0.0,002239.SZ,1.0
248,002239.SZ,20090527,13.01,13.14,12.75,12.82,12.9,-0.08,-0.62,11725.07,15157.6025,002239.SZ,1.0
249,002239.SZ,20090601,12.84,12.98,12.8,12.88,12.82,0.06,0.47,12160.13,15646.6828,002239.SZ,1.0
250,002239.SZ,20090602,12.91,13.48,12.85,13.45,12.88,0.57,4.43,31303.25,41487.2302,002239.SZ,1.0
251,002239.SZ,20090603,13.54,14.75,13.46,14.28,13.45,0.83,6.17,89094.05,126618.1191,002239.SZ,1.0
252,002239.SZ,20090604,14.09,14.24,13.55,13.8,14.28,-0.48,-3.36,44450.99,61305.4918,002239.SZ,1.0
253,002239.SZ,20090605,13.8,13.9,13.63,13.63,13.8,-0.17,-1.23,22067.94,30340.5394,002239.SZ,1.0
254,002239.SZ,20090608,13.8,13.8,13.13,13.24,13.63,-0.39,-2.86,28934.23,38791.7824,002239.SZ,1.0
255,002239.SZ,20090609,8.79,8.79,8.2,8.48,8.76,-0.28,-3.2,34907.37,29327.8292,002239.SZ,1.511
256,002239.SZ,20090610,8.46,8.46,8.25,8.38,8.48,-0.1,-1.18,26741.76,22245.123,002239.SZ,1.511
257,002239.SZ,20090611,8.41,8.56,8.32,8.46,8.38,0.08,0.95,27759.27,23421.4128,002239.SZ,1.511
258,002239.SZ,20090612,8.41,8.42,8.15,8.16,8.46,-0.3,-3.55,21271.1,17547.8985,002239.SZ,1.511
259,002239.SZ,20090615,8.16,8.32,8.15,8.25,8.16,0.09,1.1,11731.34,9648.0474,002239.SZ,1.511
260,002239.SZ,20090616,8.26,8.33,8.0,8.05,8.25,-0.2,-2.42,22239.24,18102.5148,002239.SZ,1.511
261,002239.SZ,20090617,8.06,8.11,7.86,8.1,8.05,0.05,0.62,25998.43,20741.284,002239.SZ,1.511
262,002239.SZ,20090618,8.08,8.12,7.99,8.04,8.1,-0.06,-0.74,20190.07,16230.9925,002239.SZ,1.511
263,002239.SZ,20090619,8.05,8.24,7.92,8.18,8.04,0.14,1.74,26852.44,21739.3364,002239.SZ,1.511
264,002239.SZ,20090622,8.18,8.44,8.09,8.36,8.18,0.18,2.2,38849.91,32138.6549,002239.SZ,1.511
265,002239.SZ,20090623,8.24,8.54,8.16,8.36,8.36,0.0,0.0,39476.02,33107.9783,002239.SZ,1.511
266,002239.SZ,20090624,8.3,8.4,8.25,8.4,8.36,0.04,0.48,19543.6,16285.994,002239.SZ,1.511
267,002239.SZ,20090625,8.44,8.88,8.26,8.7,8.4,0.3,3.57,60190.14,51504.2627,002239.SZ,1.511
268,002239.SZ,20090626,8.59,8.6,8.43,8.45,8.7,-0.25,-2.87,34866.93,29653.251,002239.SZ,1.511
269,002239.SZ,20090629,8.46,8.5,8.25,8.25,8.45,-0.2,-2.37,22631.4,18816.3742,002239.SZ,1.511
270,002239.SZ,20090630,8.28,8.29,8.03,8.1,8.25,-0.15,-1.82,18937.43,15401.9339,002239.SZ,1.511
271,002239.SZ,20090701,8.12,8.23,8.08,8.19,8.1,0.09,1.11,13124.7,10697.6594,002239.SZ,1.511
272,002239.SZ,20090702,8.21,8.26,8.14,8.25,8.19,0.06,0.73,17108.99,14011.9528,002239.SZ,1.511
273,002239.SZ,20090703,8.27,8.36,8.17,8.36,8.25,0.11,1.33,30398.41,25154.1697,002239.SZ,1.511
274,002239.SZ,20090706,8.36,8.39,8.23,8.29,8.36,-0.07,-0.84,20071.4,16650.9893,002239.SZ,1.511
275,002239.SZ,20090707,8.29,8.49,8.23,8.4,8.29,0.11,1.33,40593.67,34064.7172,002239.SZ,1.511
276,002239.SZ,20090708,8.43,8.5,8.29,8.39,8.4,-0.01,-0.12,20944.73,17575.4441,002239.SZ,1.511
277,002239.SZ,20090709,8.4,8.59,8.33,8.58,8.39,0.19,2.26,54500.25,46311.5359,002239.SZ,1.511
278,002239.SZ,20090710,8.62,8.64,8.48,8.62,8.58,0.04,0.47,41375.32,35472.4367,002239.SZ,1.511
279,002239.SZ,20090713,8.62,8.82,8.58,8.62,8.62,0.0,0.0,48380.06,42005.1379,002239.SZ,1.511
280,002239.SZ,20090714,8.71,8.94,8.63,8.84,8.62,0.22,2.55,78091.6,68689.7988,002239.SZ,1.511
281,002239.SZ,20090715,8.88,9.09,8.8,9.06,8.84,0.22,2.49,72490.58,64883.2804,002239.SZ,1.511
282,002239.SZ,20090716,9.05,9.66,8.95,9.36,9.06,0.3,3.31,116698.1,109352.6489,002239.SZ,1.511
283,002239.SZ,20090717,9.35,9.4,9.02,9.13,9.36,-0.23,-2.46,54532.95,50056.6007,002239.SZ,1.511
284,002239.SZ,20090720,9.13,9.3,9.05,9.23,9.13,0.1,1.1,46345.98,42430.5191,002239.SZ,1.511
285,002239.SZ,20090721,9.23,9.23,8.7,8.72,9.23,-0.51,-5.53,49234.35,43969.2927,002239.SZ,1.511
286,002239.SZ,20090722,8.72,8.9,8.67,8.75,8.72,0.03,0.34,23503.43,20647.6115,002239.SZ,1.511
287,002239.SZ,20090723,8.79,8.99,8.74,8.88,8.75,0.13,1.49,26162.1,23144.0211,002239.SZ,1.511
288,002239.SZ,20090724,8.89,8.94,8.5,8.7,8.88,-0.18,-2.03,33089.08,28827.6799,002239.SZ,1.511
289,002239.SZ,20090727,8.69,8.81,8.63,8.75,8.7,0.05,0.57,26480.82,23130.8642,002239.SZ,1.511
290,002239.SZ,20090728,8.78,8.99,8.76,8.99,8.75,0.24,2.74,45793.59,40713.6279,002239.SZ,1.511
291,002239.SZ,20090729,8.99,9.15,8.09,8.3,8.99,-0.69,-7.68,47382.57,41376.8707,002239.SZ,1.511
292,002239.SZ,20090730,8.17,8.53,8.16,8.41,8.3,0.11,1.33,26164.92,21782.7332,002239.SZ,1.511
293,002239.SZ,20090731,8.42,8.65,8.36,8.6,8.41,0.19,2.26,24678.09,21026.7154,002239.SZ,1.511
294,002239.SZ,20090803,8.61,9.42,8.6,9.35,8.6,0.75,8.72,79669.68,71932.6902,002239.SZ,1.511
295,002239.SZ,20090804,9.51,10.29,9.21,10.0,9.35,0.65,6.95,222501.0,219149.6125,002239.SZ,1.511
296,002239.SZ,20090805,10.22,10.79,10.08,10.35,10.0,0.35,3.5,167674.45,173709.7572,002239.SZ,1.511
297,002239.SZ,20090806,10.38,10.5,9.8,10.3,10.35,-0.05,-0.48,78187.78,79373.6901,002239.SZ,1.511
298,002239.SZ,20090807,10.3,10.3,9.73,9.75,10.3,-0.55,-5.34,64389.81,64327.669,002239.SZ,1.511
299,002239.SZ,20090810,9.89,10.08,9.72,9.95,9.75,0.2,2.05,36163.63,35780.3282,002239.SZ,1.511
300,002239.SZ,20090811,9.95,10.3,9.8,9.82,9.95,-0.13,-1.31,47429.97,47520.5911,002239.SZ,1.511
301,002239.SZ,20090812,9.79,9.81,9.0,9.03,9.82,-0.79,-8.04,48689.28,45274.4982,002239.SZ,1.511
302,002239.SZ,20090813,9.07,9.35,8.8,9.23,9.03,0.2,2.21,34233.65,30918.9498,002239.SZ,1.511
303,002239.SZ,20090814,9.2,9.21,8.7,8.7,9.23,-0.53,-5.74,27885.76,24727.1947,002239.SZ,1.511
304,002239.SZ,20090817,8.58,8.58,7.83,7.83,8.7,-0.87,-10.0,38689.44,31215.4931,002239.SZ,1.511
305,002239.SZ,20090818,7.7,8.0,7.51,7.88,7.83,0.05,0.64,23931.01,18611.8032,002239.SZ,1.511
306,002239.SZ,20090819,7.87,7.88,7.09,7.09,7.88,-0.79,-10.03,46682.71,34587.182,002239.SZ,1.511
307,002239.SZ,20090820,6.96,7.45,6.88,7.28,7.09,0.19,2.68,44340.14,31709.0955,002239.SZ,1.511
308,002239.SZ,20090821,7.29,7.57,7.2,7.55,7.28,0.27,3.71,40786.37,30139.466,002239.SZ,1.511
309,002239.SZ,20090824,7.55,7.72,7.5,7.66,7.55,0.11,1.46,36290.28,27668.8997,002239.SZ,1.511
310,002239.SZ,20090825,7.6,7.65,7.06,7.38,7.66,-0.28,-3.66,40310.94,29345.3933,002239.SZ,1.511
311,002239.SZ,20090826,7.3,7.98,7.2,7.89,7.38,0.51,6.91,63305.02,48417.9676,002239.SZ,1.511
312,002239.SZ,20090827,7.9,8.26,7.85,8.04,7.89,0.15,1.9,67997.19,54736.0436,002239.SZ,1.511
313,002239.SZ,20090828,8.01,8.04,7.65,7.72,8.04,-0.32,-3.98,32168.77,24934.2002,002239.SZ,1.511
314,002239.SZ,20090831,7.59,7.59,6.95,6.95,7.72,-0.77,-9.97,43752.35,31189.9281,002239.SZ,1.511
315,002239.SZ,20090901,6.91,7.09,6.83,6.97,6.95,0.02,0.29,28823.83,20080.6604,002239.SZ,1.511
316,002239.SZ,20090902,6.99,7.27,6.9,7.24,6.97,0.27,3.87,31501.86,22418.7987,002239.SZ,1.511
317,002239.SZ,20090903,7.18,7.96,7.13,7.96,7.24,0.72,9.94,64961.43,49634.8133,002239.SZ,1.511
318,002239.SZ,20090904,8.0,8.55,7.84,8.36,7.96,0.4,5.03,111262.21,92211.5906,002239.SZ,1.511
319,002239.SZ,20090907,8.39,8.44,8.1,8.16,8.36,-0.2,-2.39,73909.19,60791.6906,002239.SZ,1.511
320,002239.SZ,20090908,8.08,8.8,8.0,8.69,8.16,0.53,6.5,102089.02,85745.1992,002239.SZ,1.511
321,002239.SZ,20090909,8.68,9.08,8.46,8.95,8.69,0.26,2.99,85537.88,74774.2437,002239.SZ,1.511
322,002239.SZ,20090910,9.0,9.0,8.58,8.67,8.95,-0.28,-3.13,70423.25,61676.19,002239.SZ,1.511
323,002239.SZ,20090911,8.88,8.88,8.52,8.7,8.67,0.03,0.35,73957.13,64381.888,002239.SZ,1.511
324,002239.SZ,20090914,8.7,8.97,8.56,8.84,8.7,0.14,1.61,77806.39,67884.004,002239.SZ,1.511
325,002239.SZ,20090915,8.85,8.85,8.6,8.69,8.84,-0.15,-1.7,51645.07,45044.5648,002239.SZ,1.511
326,002239.SZ,20090916,8.66,8.85,8.58,8.76,8.69,0.07,0.81,50311.02,43922.6888,002239.SZ,1.511
327,002239.SZ,20090917,8.7,9.22,8.7,9.14,8.76,0.38,4.34,97942.3,88739.0767,002239.SZ,1.511
328,002239.SZ,20090918,9.12,9.17,8.56,8.67,9.14,-0.47,-5.14,57518.71,51105.5638,002239.SZ,1.511
329,002239.SZ,20090921,8.64,8.73,8.3,8.69,8.67,0.02,0.23,26478.52,22668.4223,002239.SZ,1.511
330,002239.SZ,20090922,8.57,8.76,8.32,8.34,8.69,-0.35,-4.03,24131.99,20769.9588,002239.SZ,1.511
331,002239.SZ,20090923,8.28,8.8,8.25,8.44,8.34,0.1,1.2,38885.56,33087.3271,002239.SZ,1.511
332,002239.SZ,20090924,8.43,8.51,7.93,8.21,8.44,-0.23,-2.73,20508.68,16861.9608,002239.SZ,1.511
333,002239.SZ,20090925,8.2,8.29,8.1,8.11,8.21,-0.1,-1.22,12976.03,10639.4382,002239.SZ,1.511
334,002239.SZ,20090928,8.09,8.42,7.7,7.89,8.11,-0.22,-2.71,19905.16,16142.6896,002239.SZ,1.511
335,002239.SZ,20090929,7.89,7.99,7.41,7.6,7.89,-0.29,-3.68,22079.06,16964.1648,002239.SZ,1.511
336,002239.SZ,20090930,7.6,7.88,7.6,7.77,7.6,0.17,2.24,12938.94,10033.0953,002239.SZ,1.511
337,002239.SZ,20091009,7.88,8.13,7.88,8.05,7.77,0.28,3.6,14018.58,11272.9207,002239.SZ,1.511
338,002239.SZ,20091012,8.06,8.24,8.01,8.19,8.05,0.14,1.74,15598.3,12699.6864,002239.SZ,1.511
339,002239.SZ,20091013,8.1,8.29,8.1,8.28,8.19,0.09,1.1,11069.03,9095.4545,002239.SZ,1.511
340,002239.SZ,20091014,8.3,8.66,8.23,8.44,8.28,0.16,1.93,36918.82,31474.542,002239.SZ,1.511
341,002239.SZ,20091015,8.46,8.68,8.42,8.5,8.44,0.06,0.71,30493.26,26071.8076,002239.SZ,1.511
342,002239.SZ,20091016,8.42,8.51,8.27,8.43,8.5,-0.07,-0.82,18206.03,15232.0396,002239.SZ,1.511
343,002239.SZ,20091019,8.42,8.76,8.29,8.69,8.43,0.26,3.08,28127.97,24291.753,002239.SZ,1.511
344,002239.SZ,20091020,8.69,8.9,8.68,8.81,8.69,0.12,1.38,31614.86,27706.4396,002239.SZ,1.511
345,002239.SZ,20091021,8.78,8.81,8.65,8.71,8.81,-0.1,-1.14,19905.48,17370.9662,002239.SZ,1.511
346,002239.SZ,20091022,8.66,9.1,8.63,8.97,8.71,0.26,2.99,46103.91,41250.0703,002239.SZ,1.511
347,002239.SZ,20091023,8.91,9.04,8.88,8.99,8.97,0.02,0.22,34639.15,31016.0334,002239.SZ,1.511
348,002239.SZ,20091026,8.99,9.08,8.88,9.04,8.99,0.05,0.56,24750.13,22200.7238,002239.SZ,1.511
349,002239.SZ,20091027,9.04,9.04,8.7,8.7,9.04,-0.34,-3.76,24513.74,21586.3224,002239.SZ,1.511
350,002239.SZ,20091028,8.69,8.99,8.6,8.92,8.7,0.22,2.53,22889.16,20218.3039,002239.SZ,1.511
351,002239.SZ,20091029,8.7,8.83,8.51,8.61,8.92,-0.31,-3.48,13096.38,11324.1909,002239.SZ,1.511
352,002239.SZ,20091030,8.61,8.83,8.58,8.59,8.61,-0.02,-0.23,19933.98,17324.4895,002239.SZ,1.511
353,002239.SZ,20091102,8.4,8.88,8.39,8.85,8.59,0.26,3.03,21048.85,18361.8353,002239.SZ,1.511
354,002239.SZ,20091103,8.86,9.74,8.82,9.74,8.85,0.89,10.06,103169.8,96858.427,002239.SZ,1.511
355,002239.SZ,20091104,9.85,10.3,9.51,9.92,9.74,0.18,1.85,118666.46,118359.1314,002239.SZ,1.511
356,002239.SZ,20091105,9.84,10.33,9.59,10.22,9.92,0.3,3.02,110708.35,111789.662,002239.SZ,1.511
357,002239.SZ,20091106,10.2,10.34,9.98,10.18,10.22,-0.04,-0.39,73473.91,74219.0709,002239.SZ,1.511
358,002239.SZ,20091109,10.17,10.78,10.01,10.54,10.18,0.36,3.54,106346.02,111160.3274,002239.SZ,1.511
359,002239.SZ,20091110,10.5,10.61,10.26,10.39,10.54,-0.15,-1.42,55249.51,57614.3608,002239.SZ,1.511
360,002239.SZ,20091111,10.37,11.1,10.3,11.04,10.39,0.65,6.26,107207.44,115812.9928,002239.SZ,1.511
361,002239.SZ,20091112,11.01,11.35,10.82,11.04,11.04,0.0,0.0,99954.67,110781.6265,002239.SZ,1.511
362,002239.SZ,20091113,10.99,11.3,10.85,11.28,11.04,0.24,2.17,55886.61,61792.4416,002239.SZ,1.511
363,002239.SZ,20091116,11.48,11.55,11.12,11.35,11.28,0.07,0.62,97892.69,110225.7056,002239.SZ,1.511
364,002239.SZ,20091117,11.36,11.37,11.02,11.11,11.35,-0.24,-2.11,44757.55,49891.4152,002239.SZ,1.511
365,002239.SZ,20091118,11.09,12.22,11.01,12.22,11.11,1.11,9.99,129196.25,151577.3795,002239.SZ,1.511
366,002239.SZ,20091119,12.34,12.45,11.89,12.34,12.22,0.12,0.98,81987.62,99977.8434,002239.SZ,1.511
367,002239.SZ,20091120,12.34,12.8,12.03,12.73,12.34,0.39,3.16,80183.49,99786.2021,002239.SZ,1.511
368,002239.SZ,20091123,12.84,13.35,12.55,13.33,12.73,0.6,4.71,81689.9,105884.8563,002239.SZ,1.511
369,002239.SZ,20091124,13.63,13.63,12.0,12.95,13.33,-0.38,-2.85,73397.74,95137.9954,002239.SZ,1.511
370,002239.SZ,20091125,12.85,13.24,12.25,12.94,12.95,-0.01,-0.08,83738.62,107731.5194,002239.SZ,1.511
371,002239.SZ,20091126,12.95,13.2,12.47,12.65,12.94,-0.29,-2.24,65828.67,84634.4796,002239.SZ,1.511
372,002239.SZ,20091127,12.6,12.6,11.5,12.0,12.65,-0.65,-5.14,57611.37,68976.1474,002239.SZ,1.511
373,002239.SZ,20091130,12.05,12.7,11.88,12.35,12.0,0.35,2.92,50240.0,62217.4564,002239.SZ,1.511
374,002239.SZ,20091201,12.4,13.25,12.16,13.09,12.35,0.74,5.99,90122.38,115907.3157,002239.SZ,1.511
375,002239.SZ,20091202,13.18,13.37,12.82,12.98,13.09,-0.11,-0.84,88153.31,115355.7393,002239.SZ,1.511
376,002239.SZ,20091203,12.89,13.34,12.8,13.11,12.98,0.13,1.0,56637.33,74627.7369,002239.SZ,1.511
377,002239.SZ,20091204,13.11,13.2,12.49,12.77,13.11,-0.34,-2.59,40779.18,52644.2358,002239.SZ,1.511
378,002239.SZ,20091207,12.9,13.49,12.9,13.33,12.77,0.56,4.39,48993.17,65036.7912,002239.SZ,1.511
379,002239.SZ,20091208,13.34,14.21,13.34,13.83,13.33,0.5,3.75,66691.3,92315.9517,002239.SZ,1.511
380,002239.SZ,20091209,13.65,13.83,13.0,13.24,13.83,-0.59,-4.27,43024.28,57694.5621,002239.SZ,1.511
381,002239.SZ,20091210,13.18,13.46,13.0,13.13,13.24,-0.11,-0.83,22192.88,29152.6286,002239.SZ,1.511
382,002239.SZ,20091211,13.13,13.28,12.83,12.95,13.13,-0.18,-1.37,23889.35,31131.8631,002239.SZ,1.511
383,002239.SZ,20091214,12.95,13.7,12.85,13.69,12.95,0.74,5.71,50217.98,66926.1093,002239.SZ,1.511
384,002239.SZ,20091215,13.8,14.39,13.55,13.95,13.69,0.26,1.9,51380.52,72627.4816,002239.SZ,1.511
385,002239.SZ,20091216,13.9,14.25,13.68,14.11,13.95,0.16,1.15,30598.46,43015.4868,002239.SZ,1.511
386,002239.SZ,20091217,14.0,14.35,13.55,13.55,14.11,-0.56,-3.97,30339.45,42140.206,002239.SZ,1.511
387,002239.SZ,20091218,13.55,13.55,13.55,13.55,13.55,0.0,0.0,0.0,0.0,002239.SZ,1.511
388,002239.SZ,20091221,13.04,13.23,12.6,12.9,13.55,-0.65,-4.8,24000.97,31033.6321,002239.SZ,1.511
389,002239.SZ,20091222,12.9,13.2,12.47,12.47,12.9,-0.43,-3.33,18047.85,23141.9401,002239.SZ,1.511
390,002239.SZ,20091223,12.47,12.9,12.36,12.83,12.47,0.36,2.89,17981.17,22669.2137,002239.SZ,1.511
391,002239.SZ,20091224,12.72,13.2,12.6,12.97,12.83,0.14,1.09,24542.76,31756.5329,002239.SZ,1.511
392,002239.SZ,20091225,13.17,13.17,12.72,12.83,12.97,-0.14,-1.08,13525.78,17394.552,002239.SZ,1.511
393,002239.SZ,20091228,12.71,14.0,12.71,13.85,12.83,1.02,7.95,37456.59,50755.6092,002239.SZ,1.511
394,002239.SZ,20091229,13.76,13.9,13.55,13.83,13.85,-0.02,-0.14,21200.19,29092.3305,002239.SZ,1.511
395,002239.SZ,20091230,13.85,13.98,13.5,13.76,13.83,-0.07,-0.51,16970.36,23192.3935,002239.SZ,1.511
396,002239.SZ,20091231,13.75,13.88,13.6,13.7,13.76,-0.06,-0.44,23375.05,32059.3813,002239.SZ,1.511
397,002239.SZ,20100104,13.93,14.16,13.6,13.89,13.7,0.19,1.39,27405.87,38266.6812,002239.SZ,1.511
398,002239.SZ,20100105,13.85,14.18,13.65,13.94,13.89,0.05,0.36,21245.64,29576.5373,002239.SZ,1.511
399,002239.SZ,20100106,13.95,14.45,13.77,14.3,13.94,0.36,2.58,35966.57,51011.837,002239.SZ,1.511
400,002239.SZ,20100107,14.13,14.35,13.51,13.55,14.3,-0.75,-5.24,28210.86,39051.2847,002239.SZ,1.511
401,002239.SZ,20100108,13.4,13.52,12.95,13.4,13.55,-0.15,-1.11,22452.84,29553.9363,002239.SZ,1.511
402,002239.SZ,20100111,13.5,14.1,13.4,14.09,13.4,0.69,5.15,44148.87,61378.4375,002239.SZ,1.511
403,002239.SZ,20100112,13.95,14.09,13.79,13.99,14.09,-0.1,-0.71,27312.24,38116.1209,002239.SZ,1.511
404,002239.SZ,20100113,13.56,13.87,13.45,13.7,13.99,-0.29,-2.07,17041.85,23288.4237,002239.SZ,1.511
405,002239.SZ,20100114,13.82,14.23,13.65,14.06,13.7,0.36,2.63,23513.77,32985.571,002239.SZ,1.511
406,002239.SZ,20100115,14.05,14.46,13.96,14.26,14.06,0.2,1.42,31396.05,44734.4146,002239.SZ,1.511
407,002239.SZ,20100118,14.25,14.5,13.9,14.49,14.26,0.23,1.61,36036.6,50898.4353,002239.SZ,1.511
408,002239.SZ,20100119,14.56,14.75,14.2,14.53,14.49,0.04,0.28,52213.0,75725.1846,002239.SZ,1.511
409,002239.SZ,20100120,14.46,14.65,13.8,13.9,14.53,-0.63,-4.34,42893.25,61059.7834,002239.SZ,1.511
410,002239.SZ,20100121,13.87,13.87,12.68,12.9,13.9,-1.0,-7.19,70174.34,91245.9143,002239.SZ,1.511
411,002239.SZ,20100122,12.75,12.75,11.73,12.39,12.9,-0.51,-3.95,50310.99,61366.1347,002239.SZ,1.511
412,002239.SZ,20100125,12.08,12.67,11.9,12.44,12.39,0.05,0.4,26423.43,32923.6595,002239.SZ,1.511
413,002239.SZ,20100126,12.39,12.57,11.66,11.69,12.44,-0.75,-6.03,17108.65,20401.7564,002239.SZ,1.511
414,002239.SZ,20100127,11.72,11.82,11.15,11.38,11.69,-0.31,-2.65,14127.58,16194.2667,002239.SZ,1.511
415,002239.SZ,20100128,11.39,11.5,11.15,11.28,11.38,-0.1,-0.88,11737.22,13270.5278,002239.SZ,1.511
416,002239.SZ,20100129,11.27,11.55,11.18,11.51,11.28,0.23,2.04,17088.38,19448.8098,002239.SZ,1.511
417,002239.SZ,20100201,11.45,12.29,11.2,11.87,11.51,0.36,3.13,27116.34,31770.4142,002239.SZ,1.511
418,002239.SZ,20100202,11.8,11.99,11.5,11.57,11.87,-0.3,-2.53,13184.68,15460.5886,002239.SZ,1.511
419,002239.SZ,20100203,11.68,11.69,10.92,11.55,11.57,-0.02,-0.17,13105.29,14829.9168,002239.SZ,1.511
420,002239.SZ,20100204,11.55,12.71,11.31,12.66,11.55,1.11,9.61,48769.21,58577.9681,002239.SZ,1.511
421,002239.SZ,20100205,12.23,12.37,11.88,12.14,12.66,-0.52,-4.11,37249.51,45216.2763,002239.SZ,1.511
422,002239.SZ,20100208,12.27,12.27,11.51,11.72,12.14,-0.42,-3.46,13748.97,16198.1762,002239.SZ,1.511
423,002239.SZ,20100209,11.5,11.97,11.5,11.63,11.72,-0.09,-0.77,7647.03,8964.298,002239.SZ,1.511
424,002239.SZ,20100210,11.78,11.98,11.57,11.87,11.63,0.24,2.06,21548.7,25512.7013,002239.SZ,1.511
425,002239.SZ,20100211,11.87,11.91,11.51,11.55,11.87,-0.32,-2.7,11958.1,13963.4789,002239.SZ,1.511
426,002239.SZ,20100212,11.7,11.72,11.55,11.63,11.55,0.08,0.69,6827.41,7964.2394,002239.SZ,1.511
427,002239.SZ,20100222,11.5,11.76,11.5,11.68,11.63,0.05,0.43,9687.89,11321.3821,002239.SZ,1.511
428,002239.SZ,20100223,11.58,11.63,11.28,11.42,11.68,-0.26,-2.23,9192.5,10495.2797,002239.SZ,1.511
429,002239.SZ,20100224,11.38,11.75,11.05,11.73,11.42,0.31,2.71,19326.48,22173.5197,002239.SZ,1.511
430,002239.SZ,20100225,11.73,12.17,11.7,12.05,11.73,0.32,2.73,26164.16,31281.2899,002239.SZ,1.511
431,002239.SZ,20100226,12.09,12.1,11.82,12.09,12.05,0.04,0.33,19244.51,23066.5436,002239.SZ,1.511
432,002239.SZ,20100301,12.15,12.18,12.06,12.15,12.09,0.06,0.5,18914.15,22934.894,002239.SZ,1.511
433,002239.SZ,20100302,12.2,12.39,12.12,12.25,12.15,0.1,0.82,31543.73,38647.1991,002239.SZ,1.511
434,002239.SZ,20100303,12.26,12.85,12.25,12.78,12.25,0.53,4.33,52759.8,66379.8193,002239.SZ,1.511
435,002239.SZ,20100304,12.78,13.0,12.12,12.13,12.78,-0.65,-5.09,55392.81,70032.658,002239.SZ,1.511
436,002239.SZ,20100305,12.1,12.25,11.74,12.15,12.13,0.02,0.16,20537.18,24793.5202,002239.SZ,1.511
437,002239.SZ,20100308,12.21,12.37,12.1,12.17,12.15,0.02,0.16,14088.71,17195.5566,002239.SZ,1.511
438,002239.SZ,20100309,12.3,12.3,12.01,12.13,12.17,-0.04,-0.33,9756.38,11830.9006,002239.SZ,1.511
439,002239.SZ,20100310,12.26,12.26,11.76,11.82,12.13,-0.31,-2.56,11762.92,14024.61,002239.SZ,1.511
440,002239.SZ,20100311,11.82,11.88,11.32,11.51,11.82,-0.31,-2.62,15543.07,17956.5116,002239.SZ,1.511
441,002239.SZ,20100312,11.5,11.61,11.43,11.46,11.51,-0.05,-0.43,9501.05,10948.417,002239.SZ,1.511
442,002239.SZ,20100315,11.4,11.51,11.3,11.32,11.46,-0.14,-1.22,7413.69,8451.3602,002239.SZ,1.511
443,002239.SZ,20100316,11.33,11.42,11.18,11.29,11.32,-0.03,-0.27,11790.85,13282.7502,002239.SZ,1.511
444,002239.SZ,20100317,11.3,11.79,11.29,11.7,11.29,0.41,3.63,15766.9,18234.6889,002239.SZ,1.511
445,002239.SZ,20100318,11.78,11.85,11.61,11.85,11.7,0.15,1.28,15277.34,17925.2039,002239.SZ,1.511
446,002239.SZ,20100319,11.98,12.25,11.77,12.03,11.85,0.18,1.52,31567.74,37848.7371,002239.SZ,1.511
447,002239.SZ,20100322,12.0,12.2,11.91,12.12,12.03,0.09,0.75,17256.86,20784.5696,002239.SZ,1.511
448,002239.SZ,20100323,12.16,12.2,11.99,12.01,12.12,-0.11,-0.91,17501.57,21134.255,002239.SZ,1.511
449,002239.SZ,20100324,12.06,12.36,12.01,12.3,12.01,0.29,2.41,40719.53,49802.4858,002239.SZ,1.511
450,002239.SZ,20100325,12.22,12.29,11.86,11.86,12.3,-0.44,-3.58,23233.45,28188.0672,002239.SZ,1.511
451,002239.SZ,20100326,11.85,12.21,11.7,12.11,11.86,0.25,2.11,20481.46,24489.9472,002239.SZ,1.511
452,002239.SZ,20100329,12.12,12.26,11.99,12.22,12.11,0.11,0.91,20388.61,24790.1631,002239.SZ,1.511
453,002239.SZ,20100330,12.21,12.61,12.05,12.6,12.22,0.38,3.11,52003.62,64686.5478,002239.SZ,1.511
454,002239.SZ,20100331,12.6,12.88,12.45,12.76,12.6,0.16,1.27,77915.34,99054.0123,002239.SZ,1.511
455,002239.SZ,20100401,12.64,12.81,12.58,12.77,12.76,0.01,0.08,37306.75,47444.1348,002239.SZ,1.511
456,002239.SZ,20100402,12.77,12.8,12.45,12.47,12.77,-0.3,-2.35,34055.02,42768.5175,002239.SZ,1.511
457,002239.SZ,20100406,12.48,12.78,12.48,12.6,12.47,0.13,1.04,26652.63,33659.5545,002239.SZ,1.511
458,002239.SZ,20100407,12.61,12.96,12.43,12.94,12.6,0.34,2.7,54536.92,69894.4997,002239.SZ,1.511
459,002239.SZ,20100408,12.88,13.18,12.83,12.97,12.94,0.03,0.23,54866.59,71496.4559,002239.SZ,1.511
460,002239.SZ,20100409,13.0,13.4,12.88,13.28,12.97,0.31,2.39,49905.49,65596.2736,002239.SZ,1.511
461,002239.SZ,20100412,13.3,13.46,13.08,13.38,13.28,0.1,0.75,49261.14,65493.3789,002239.SZ,1.511
462,002239.SZ,20100413,13.35,13.7,12.5,13.38,13.38,0.0,0.0,72946.55,96380.2647,002239.SZ,1.511
463,002239.SZ,20100414,13.2,13.57,12.89,13.42,13.38,0.04,0.3,55348.29,73669.3192,002239.SZ,1.511
464,002239.SZ,20100415,13.59,13.6,13.1,13.23,13.42,-0.19,-1.42,34408.48,45935.8804,002239.SZ,1.511
465,002239.SZ,20100416,13.06,13.19,12.7,13.02,13.23,-0.21,-1.59,32365.49,41809.2138,002239.SZ,1.511
466,002239.SZ,20100419,12.87,13.08,12.13,12.27,13.02,-0.75,-5.76,25356.0,32243.0206,002239.SZ,1.511
467,002239.SZ,20100420,12.35,12.71,11.85,12.71,12.27,0.44,3.59,44012.22,53991.553,002239.SZ,1.511
468,002239.SZ,20100421,12.7,13.3,12.61,12.93,12.71,0.22,1.73,64921.69,84756.1038,002239.SZ,1.511
469,002239.SZ,20100422,12.81,13.19,12.75,12.82,12.93,-0.11,-0.85,39079.44,50842.6222,002239.SZ,1.511
470,002239.SZ,20100423,12.73,13.02,12.5,12.53,12.82,-0.29,-2.26,27923.72,35543.8492,002239.SZ,1.511
471,002239.SZ,20100426,12.56,13.01,12.3,12.96,12.53,0.43,3.43,29284.25,37556.3943,002239.SZ,1.511
472,002239.SZ,20100427,12.85,12.95,12.45,12.64,12.96,-0.32,-2.47,16068.92,20259.3888,002239.SZ,1.511
473,002239.SZ,20100428,12.49,12.68,12.35,12.38,12.64,-0.26,-2.06,14028.43,17479.4869,002239.SZ,1.511
474,002239.SZ,20100429,12.38,12.73,12.15,12.15,12.38,-0.23,-1.86,19822.35,24802.518,002239.SZ,1.511
475,002239.SZ,20100430,12.07,12.07,10.94,10.94,12.15,-1.21,-9.96,34693.7,38663.8442,002239.SZ,1.511
476,002239.SZ,20100504,10.52,11.05,10.52,11.05,10.94,0.11,1.01,14705.74,16074.7373,002239.SZ,1.511
477,002239.SZ,20100505,10.9,11.54,10.86,11.45,11.05,0.4,3.62,20828.36,23562.5802,002239.SZ,1.511
478,002239.SZ,20100506,11.42,11.98,11.31,11.56,11.45,0.11,0.96,28420.12,33033.1861,002239.SZ,1.511
479,002239.SZ,20100507,11.36,11.83,11.23,11.64,11.56,0.08,0.69,22128.86,25653.3627,002239.SZ,1.511
480,002239.SZ,20100510,11.52,11.98,11.24,11.75,11.64,0.11,0.95,25507.26,29732.6899,002239.SZ,1.511
481,002239.SZ,20100511,11.97,12.12,11.3,11.38,11.75,-0.37,-3.15,21790.12,25498.327,002239.SZ,1.511
482,002239.SZ,20100512,11.38,11.69,11.11,11.54,11.38,0.16,1.41,19315.92,22152.5258,002239.SZ,1.511
483,002239.SZ,20100513,11.5,11.96,11.42,11.85,11.54,0.31,2.69,39031.25,45934.744,002239.SZ,1.511
484,002239.SZ,20100514,11.79,12.0,11.59,11.62,11.85,-0.23,-1.94,23699.32,27860.1318,002239.SZ,1.511
485,002239.SZ,20100517,11.48,11.48,10.56,10.58,11.62,-1.04,-8.95,20735.7,22671.8082,002239.SZ,1.511
486,002239.SZ,20100518,10.4,10.69,9.52,10.07,10.58,-0.51,-4.82,18530.17,18552.7195,002239.SZ,1.511
487,002239.SZ,20100519,10.0,10.3,9.8,10.1,10.07,0.03,0.3,11189.81,11279.1765,002239.SZ,1.511
488,002239.SZ,20100520,10.02,10.24,9.67,9.68,10.1,-0.42,-4.16,10322.48,10318.9781,002239.SZ,1.511
489,002239.SZ,20100521,9.68,9.68,9.68,9.68,9.68,0.0,0.0,0.0,0.0,002239.SZ,1.511
490,002239.SZ,20100524,10.02,10.65,9.94,10.3,9.68,0.62,6.41,35039.93,36242.8376,002239.SZ,1.511
491,002239.SZ,20100525,10.3,10.58,10.13,10.57,10.3,0.27,2.62,26286.7,27349.9727,002239.SZ,1.511
492,002239.SZ,20100526,10.64,10.95,10.5,10.7,10.57,0.13,1.23,43882.49,47329.954,002239.SZ,1.511
493,002239.SZ,20100527,10.65,10.98,10.48,10.87,10.7,0.17,1.59,33803.14,36587.7408,002239.SZ,1.511
494,002239.SZ,20100528,10.97,11.09,10.8,10.97,10.87,0.1,0.92,19584.27,21449.7581,002239.SZ,1.511
495,002239.SZ,20100531,10.91,10.91,10.5,10.53,10.97,-0.44,-4.01,23022.06,24469.6523,002239.SZ,1.511
496,002239.SZ,20100601,10.37,10.85,10.37,10.83,10.53,0.3,2.85,19306.61,20477.1685,002239.SZ,1.511
497,002239.SZ,20100602,10.8,11.17,10.8,11.14,10.83,0.31,2.86,45747.81,50589.6497,002239.SZ,1.511
498,002239.SZ,20100603,11.01,11.5,11.01,11.18,11.09,0.09,0.81,41327.11,46609.8149,002239.SZ,1.518
499,002239.SZ,20100604,11.01,11.25,10.98,11.21,11.18,0.03,0.27,22140.57,24671.6993,002239.SZ,1.518
500,002239.SZ,20100607,11.0,11.46,10.91,11.35,11.21,0.14,1.25,27231.26,30761.3185,002239.SZ,1.518
501,002239.SZ,20100608,11.33,11.48,11.16,11.35,11.35,0.0,0.0,23723.5,26900.8432,002239.SZ,1.518
502,002239.SZ,20100609,11.39,11.73,11.32,11.55,11.35,0.2,1.76,40908.65,47297.7515,002239.SZ,1.518
503,002239.SZ,20100610,11.48,11.65,11.42,11.58,11.55,0.03,0.26,24680.99,28479.7896,002239.SZ,1.518
504,002239.SZ,20100611,11.58,11.95,11.48,11.75,11.58,0.17,1.47,66675.27,78493.2934,002239.SZ,1.518
505,002239.SZ,20100617,11.67,12.0,11.6,11.77,11.75,0.02,0.17,34997.16,41445.7845,002239.SZ,1.518
506,002239.SZ,20100618,11.7,11.86,11.48,11.8,11.77,0.03,0.25,38091.93,44308.2554,002239.SZ,1.518
507,002239.SZ,20100621,11.8,12.15,11.66,12.04,11.8,0.24,2.03,71381.79,85387.2024,002239.SZ,1.518
508,002239.SZ,20100622,11.91,12.13,11.82,12.08,12.04,0.04,0.33,45262.08,54182.9012,002239.SZ,1.518
509,002239.SZ,20100623,12.04,12.13,11.96,12.08,12.08,0.0,0.0,27762.72,33455.6979,002239.SZ,1.518
510,002239.SZ,20100624,12.11,12.22,11.99,12.12,12.08,0.04,0.33,25536.9,30929.3543,002239.SZ,1.518
511,002239.SZ,20100625,12.12,12.28,11.93,12.11,12.12,-0.01,-0.08,30479.13,36792.02,002239.SZ,1.518
512,002239.SZ,20100628,11.9,12.29,11.82,11.9,12.11,-0.21,-1.73,35686.18,43127.7303,002239.SZ,1.518
513,002239.SZ,20100629,11.9,12.1,11.58,11.95,11.9,0.05,0.42,53223.64,62820.1052,002239.SZ,1.518
514,002239.SZ,20100630,11.85,12.07,11.71,11.9,11.95,-0.05,-0.42,24858.8,29548.8016,002239.SZ,1.518
515,002239.SZ,20100701,11.9,12.1,11.77,11.89,11.9,-0.01,-0.08,39255.06,46834.1343,002239.SZ,1.518
516,002239.SZ,20100702,11.81,12.14,11.75,12.09,11.89,0.2,1.68,40822.81,48756.6845,002239.SZ,1.518
517,002239.SZ,20100705,12.09,12.15,11.83,11.92,12.09,-0.17,-1.41,26382.26,31606.6608,002239.SZ,1.518
518,002239.SZ,20100706,11.84,12.09,11.8,11.95,11.92,0.03,0.25,36712.58,43902.7795,002239.SZ,1.518
519,002239.SZ,20100707,11.85,12.06,11.85,11.98,11.95,0.03,0.25,32594.93,39004.1149,002239.SZ,1.518
520,002239.SZ,20100708,11.97,12.4,11.94,12.0,11.98,0.02,0.17,113687.67,137938.2664,002239.SZ,1.518
521,002239.SZ,20100709,11.7,12.16,11.02,11.93,12.0,-0.07,-0.58,111685.87,131439.9598,002239.SZ,1.518
522,002239.SZ,20100712,11.9,13.12,11.72,12.84,11.93,0.91,7.63,211695.38,259898.725,002239.SZ,1.518
523,002239.SZ,20100713,12.4,12.49,12.0,12.1,12.84,-0.74,-5.76,127553.71,156359.3687,002239.SZ,1.518
524,002239.SZ,20100714,12.0,12.0,11.31,11.38,12.1,-0.72,-5.95,117770.79,136352.1184,002239.SZ,1.518
525,002239.SZ,20100715,11.19,11.19,10.76,10.81,11.38,-0.57,-5.01,64600.81,70972.9302,002239.SZ,1.518
526,002239.SZ,20100716,10.56,11.18,10.56,11.16,10.81,0.35,3.24,55527.97,60958.7375,002239.SZ,1.518
527,002239.SZ,20100719,11.02,11.25,10.95,11.15,11.16,-0.01,-0.09,52759.13,58594.515,002239.SZ,1.518
528,002239.SZ,20100720,11.17,11.31,11.16,11.24,11.15,0.09,0.81,54810.63,61636.428,002239.SZ,1.518
529,002239.SZ,20100721,11.34,11.34,11.02,11.17,11.24,-0.07,-0.62,51523.52,57497.6111,002239.SZ,1.518
530,002239.SZ,20100722,11.15,11.21,10.98,11.2,11.17,0.03,0.27,52431.29,58245.4108,002239.SZ,1.518
531,002239.SZ,20100723,11.25,11.25,11.05,11.19,11.2,-0.01,-0.09,39872.25,44428.7639,002239.SZ,1.518
532,002239.SZ,20100726,11.2,11.65,11.2,11.6,11.19,0.41,3.66,81907.23,94262.2429,002239.SZ,1.518
533,002239.SZ,20100727,11.5,11.59,11.32,11.36,11.6,-0.24,-2.07,45634.39,52097.1438,002239.SZ,1.518
534,002239.SZ,20100728,11.35,11.49,11.21,11.45,11.36,0.09,0.79,48902.43,55668.4451,002239.SZ,1.518
535,002239.SZ,20100729,11.46,11.49,11.25,11.35,11.45,-0.1,-0.87,48739.38,55439.4117,002239.SZ,1.518
536,002239.SZ,20100730,11.34,11.34,11.06,11.13,11.35,-0.22,-1.94,44729.39,49989.5222,002239.SZ,1.518
537,002239.SZ,20100802,11.14,11.44,11.13,11.39,11.13,0.26,2.34,45200.7,51152.2992,002239.SZ,1.518
538,002239.SZ,20100803,11.39,11.48,11.16,11.34,11.39,-0.05,-0.44,53023.74,60212.6418,002239.SZ,1.518
539,002239.SZ,20100804,11.3,11.32,11.08,11.22,11.34,-0.12,-1.06,35518.65,39756.678,002239.SZ,1.518
540,002239.SZ,20100805,11.25,11.38,11.14,11.2,11.22,-0.02,-0.18,31183.47,35128.7411,002239.SZ,1.518
541,002239.SZ,20100806,11.21,11.35,11.05,11.33,11.2,0.13,1.16,41121.61,46092.6908,002239.SZ,1.518
542,002239.SZ,20100809,11.35,11.75,11.33,11.73,11.33,0.4,3.53,83972.85,97517.4995,002239.SZ,1.518
543,002239.SZ,20100810,11.73,11.88,11.35,11.36,11.73,-0.37,-3.15,60784.31,70468.9313,002239.SZ,1.518
544,002239.SZ,20100811,11.22,11.48,11.18,11.31,11.36,-0.05,-0.44,28890.79,32611.2904,002239.SZ,1.518
545,002239.SZ,20100812,11.21,11.25,11.05,11.05,11.31,-0.26,-2.3,30168.26,33583.5926,002239.SZ,1.518
546,002239.SZ,20100813,11.05,11.21,11.02,11.2,11.05,0.15,1.36,19018.41,21169.3433,002239.SZ,1.518
547,002239.SZ,20100816,11.14,11.41,11.14,11.41,11.2,0.21,1.88,30748.73,34792.1032,002239.SZ,1.518
548,002239.SZ,20100817,11.45,11.54,11.4,11.43,11.41,0.02,0.18,30456.57,34879.3082,002239.SZ,1.518
549,002239.SZ,20100818,11.48,11.66,11.18,11.65,11.43,0.22,1.92,53246.33,60978.4171,002239.SZ,1.518
550,002239.SZ,20100819,11.6,11.67,11.5,11.6,11.65,-0.05,-0.43,41392.72,47964.5764,002239.SZ,1.518
551,002239.SZ,20100820,11.62,11.94,11.56,11.77,11.6,0.17,1.47,88727.25,104571.4273,002239.SZ,1.518
552,002239.SZ,20100823,11.68,12.48,11.45,12.18,11.77,0.41,3.48,107336.64,128828.6801,002239.SZ,1.518
553,002239.SZ,20100824,12.15,12.35,11.92,11.93,12.18,-0.25,-2.05,60370.46,72874.2834,002239.SZ,1.518
554,002239.SZ,20100825,11.82,11.84,11.28,11.35,11.93,-0.58,-4.86,53143.43,61458.0369,002239.SZ,1.518
555,002239.SZ,20100826,11.35,11.47,11.19,11.4,11.35,0.05,0.44,30314.69,34299.2434,002239.SZ,1.518
556,002239.SZ,20100827,11.43,11.48,11.21,11.27,11.4,-0.13,-1.14,21253.83,24066.2988,002239.SZ,1.518
557,002239.SZ,20100830,11.29,11.49,11.29,11.49,11.27,0.22,1.95,31543.05,35984.4706,002239.SZ,1.518
558,002239.SZ,20100831,11.4,11.62,11.39,11.59,11.49,0.1,0.87,33729.29,38778.474,002239.SZ,1.518
559,002239.SZ,20100901,11.6,11.79,11.31,11.35,11.59,-0.24,-2.07,38768.63,44845.3637,002239.SZ,1.518
560,002239.SZ,20100902,11.42,11.52,11.29,11.48,11.35,0.13,1.15,32600.24,37216.4992,002239.SZ,1.518
561,002239.SZ,20100903,11.52,11.55,11.3,11.4,11.48,-0.08,-0.7,33756.42,38466.0282,002239.SZ,1.518
562,002239.SZ,20100906,11.42,11.7,11.42,11.6,11.4,0.2,1.75,45662.81,52846.7456,002239.SZ,1.518
563,002239.SZ,20100907,11.65,11.76,11.5,11.75,11.6,0.15,1.29,51823.76,60518.1503,002239.SZ,1.518
564,002239.SZ,20100908,11.7,11.72,11.54,11.66,11.75,-0.09,-0.77,31618.42,36769.1378,002239.SZ,1.518
565,002239.SZ,20100909,11.71,11.78,11.41,11.41,11.66,-0.25,-2.14,35492.9,41059.5165,002239.SZ,1.518
566,002239.SZ,20100910,11.38,11.48,11.09,11.45,11.41,0.04,0.35,39928.04,45105.7224,002239.SZ,1.518
567,002239.SZ,20100913,11.45,11.59,11.35,11.56,11.45,0.11,0.96,32941.5,37849.8709,002239.SZ,1.518
568,002239.SZ,20100914,11.55,11.68,11.48,11.59,11.56,0.03,0.26,35612.12,41239.4807,002239.SZ,1.518
569,002239.SZ,20100915,11.65,12.0,11.55,11.78,11.59,0.19,1.64,81690.35,96511.983,002239.SZ,1.518
570,002239.SZ,20100916,11.77,11.9,11.12,11.31,11.78,-0.47,-3.99,39463.22,45486.0356,002239.SZ,1.518
571,002239.SZ,20100917,11.27,11.4,11.15,11.2,11.31,-0.11,-0.97,24455.62,27527.7103,002239.SZ,1.518
572,002239.SZ,20100920,11.19,11.33,10.84,10.85,11.2,-0.35,-3.13,22876.21,25259.8314,002239.SZ,1.518
573,002239.SZ,20100921,10.8,10.95,10.73,10.76,10.85,-0.09,-0.83,12016.22,13017.5569,002239.SZ,1.518
574,002239.SZ,20100927,10.85,11.08,10.76,11.02,10.76,0.26,2.42,18022.89,19733.3129,002239.SZ,1.518
575,002239.SZ,20100928,11.03,11.03,10.7,10.73,11.02,-0.29,-2.63,16921.84,18365.1871,002239.SZ,1.518
576,002239.SZ,20100929,10.73,10.98,10.73,10.82,10.73,0.09,0.84,16861.63,18327.5821,002239.SZ,1.518
577,002239.SZ,20100930,10.73,10.9,10.71,10.85,10.82,0.03,0.28,8736.67,9462.1119,002239.SZ,1.518
578,002239.SZ,20101008,10.9,11.2,10.87,11.06,10.85,0.21,1.94,25680.77,28391.5005,002239.SZ,1.518
579,002239.SZ,20101011,11.16,11.16,10.96,11.02,11.06,-0.04,-0.36,31676.35,35004.0968,002239.SZ,1.518
580,002239.SZ,20101012,11.1,11.1,10.97,11.0,11.02,-0.02,-0.18,30204.28,33246.4301,002239.SZ,1.518
581,002239.SZ,20101013,11.03,11.1,10.9,11.06,11.0,0.06,0.55,30539.97,33583.5289,002239.SZ,1.518
582,002239.SZ,20101014,11.1,11.1,10.94,10.99,11.06,-0.07,-0.63,25156.11,27671.3408,002239.SZ,1.518
583,002239.SZ,20101015,10.98,11.18,10.88,11.14,10.99,0.15,1.36,33008.24,36473.0422,002239.SZ,1.518
584,002239.SZ,20101018,11.3,11.52,11.04,11.11,11.14,-0.03,-0.27,73132.19,82344.7399,002239.SZ,1.518
585,002239.SZ,20101019,11.06,11.15,10.75,11.15,11.11,0.04,0.36,35966.5,39720.1093,002239.SZ,1.518
586,002239.SZ,20101020,11.0,11.39,10.78,11.24,11.15,0.09,0.81,38957.66,43109.5601,002239.SZ,1.518
587,002239.SZ,20101021,11.17,11.2,10.96,11.05,11.24,-0.19,-1.69,22142.64,24462.3807,002239.SZ,1.518
588,002239.SZ,20101022,11.07,11.08,10.97,11.05,11.05,0.0,0.0,23429.77,25786.8142,002239.SZ,1.518
589,002239.SZ,20101025,11.1,11.24,10.98,11.17,11.05,0.12,1.09,27788.34,30976.5094,002239.SZ,1.518
590,002239.SZ,20101026,11.17,11.18,11.0,11.14,11.17,-0.03,-0.27,32838.09,36375.0442,002239.SZ,1.518
591,002239.SZ,20101027,11.13,11.5,11.12,11.16,11.14,0.02,0.18,58967.66,66475.4984,002239.SZ,1.518
592,002239.SZ,20101028,11.17,11.24,11.01,11.07,11.16,-0.09,-0.81,25957.43,28775.4266,002239.SZ,1.518
593,002239.SZ,20101029,11.05,11.21,11.03,11.17,11.07,0.1,0.9,26866.6,29922.616,002239.SZ,1.518
594,002239.SZ,20101101,11.18,11.41,11.1,11.34,11.17,0.17,1.52,42000.14,47429.9622,002239.SZ,1.518
595,002239.SZ,20101102,11.35,11.46,11.18,11.23,11.34,-0.11,-0.97,38810.24,43766.6041,002239.SZ,1.518
596,002239.SZ,20101103,11.23,11.5,11.23,11.29,11.23,0.06,0.53,49539.79,56274.9617,002239.SZ,1.518
597,002239.SZ,20101104,11.33,11.48,11.2,11.4,11.29,0.11,0.97,51860.6,58850.5891,002239.SZ,1.518
598,002239.SZ,20101105,11.4,11.88,11.32,11.67,11.4,0.27,2.37,86739.28,100621.8843,002239.SZ,1.518
599,002239.SZ,20101108,11.65,11.93,11.51,11.93,11.67,0.26,2.23,80082.78,93695.8498,002239.SZ,1.518
600,002239.SZ,20101109,11.93,11.93,11.66,11.74,11.93,-0.19,-1.59,50493.24,59416.1683,002239.SZ,1.518
601,002239.SZ,20101110,11.74,12.13,11.7,11.8,11.74,0.06,0.51,60693.68,72144.1202,002239.SZ,1.518
602,002239.SZ,20101111,11.7,12.25,11.61,11.93,11.8,0.13,1.1,88481.03,106238.3078,002239.SZ,1.518
603,002239.SZ,20101112,11.8,12.07,10.76,10.89,11.93,-1.04,-8.72,57805.46,66152.2164,002239.SZ,1.518
604,002239.SZ,20101115,10.89,11.04,10.61,11.01,10.89,0.12,1.1,35183.26,38171.2505,002239.SZ,1.518
605,002239.SZ,20101116,10.99,11.0,10.41,10.55,11.01,-0.46,-4.18,37520.56,40324.5843,002239.SZ,1.518
606,002239.SZ,20101117,10.43,10.89,10.4,10.55,10.55,0.0,0.0,26001.78,27780.894,002239.SZ,1.518
607,002239.SZ,20101118,10.69,10.71,10.53,10.65,10.55,0.1,0.95,11285.33,11981.3216,002239.SZ,1.518
608,002239.SZ,20101119,10.69,10.84,10.57,10.84,10.65,0.19,1.78,16421.14,17573.2658,002239.SZ,1.518
609,002239.SZ,20101122,10.74,11.2,10.71,11.05,10.84,0.21,1.94,30175.26,33164.2003,002239.SZ,1.518
610,002239.SZ,20101123,11.0,11.0,10.64,10.83,11.05,-0.22,-1.99,18781.9,20377.0353,002239.SZ,1.518
611,002239.SZ,20101124,10.76,11.25,10.75,11.15,10.83,0.32,2.95,41477.3,45711.3725,002239.SZ,1.518
612,002239.SZ,20101125,11.19,11.26,11.03,11.16,11.15,0.01,0.09,43953.86,48960.3654,002239.SZ,1.518
613,002239.SZ,20101126,11.1,11.1,10.84,10.89,11.16,-0.27,-2.42,23920.89,26157.4129,002239.SZ,1.518
614,002239.SZ,20101129,10.88,10.98,10.78,10.9,10.89,0.01,0.09,15530.1,16913.6489,002239.SZ,1.518
615,002239.SZ,20101130,10.9,10.91,10.25,10.51,10.9,-0.39,-3.58,25143.27,26549.2015,002239.SZ,1.518
616,002239.SZ,20101201,10.42,10.92,10.42,10.74,10.51,0.23,2.19,24426.05,26157.233,002239.SZ,1.518
617,002239.SZ,20101202,10.8,11.49,10.64,11.39,10.74,0.65,6.05,78693.52,87643.1554,002239.SZ,1.518
618,002239.SZ,20101203,11.4,11.66,11.23,11.53,11.39,0.14,1.23,93011.66,107132.7466,002239.SZ,1.518
619,002239.SZ,20101206,11.4,11.8,11.25,11.78,11.53,0.25,2.17,87630.83,102050.9964,002239.SZ,1.518
620,002239.SZ,20101207,11.69,11.69,11.1,11.38,11.78,-0.4,-3.4,49390.16,55744.9913,002239.SZ,1.518
621,002239.SZ,20101208,11.21,11.38,10.78,10.91,11.38,-0.47,-4.13,42548.14,47074.4101,002239.SZ,1.518
622,002239.SZ,20101209,10.79,10.97,10.5,10.54,10.91,-0.37,-3.39,25980.41,27743.07,002239.SZ,1.518
623,002239.SZ,20101210,10.53,10.8,10.49,10.77,10.54,0.23,2.18,17813.12,19035.5074,002239.SZ,1.518
624,002239.SZ,20101213,10.78,10.98,10.66,10.94,10.77,0.17,1.58,23808.08,25861.7816,002239.SZ,1.518
625,002239.SZ,20101214,10.96,10.96,10.8,10.93,10.94,-0.01,-0.09,25877.98,28147.7327,002239.SZ,1.518
626,002239.SZ,20101215,10.89,11.19,10.86,10.95,10.93,0.02,0.18,26672.18,29398.4752,002239.SZ,1.518
627,002239.SZ,20101216,10.9,11.25,10.83,11.25,10.95,0.3,2.74,48956.99,54595.14,002239.SZ,1.518
628,002239.SZ,20101217,11.24,11.32,11.05,11.11,11.25,-0.14,-1.24,26896.38,29940.7399,002239.SZ,1.518
629,002239.SZ,20101220,11.1,11.2,10.75,10.83,11.11,-0.28,-2.52,29715.69,32581.1591,002239.SZ,1.518
630,002239.SZ,20101221,10.83,11.15,10.8,11.07,10.83,0.24,2.22,18698.27,20611.7196,002239.SZ,1.518
631,002239.SZ,20101222,10.99,11.14,10.8,10.84,11.07,-0.23,-2.08,17919.11,19650.3266,002239.SZ,1.518
632,002239.SZ,20101223,10.85,10.86,10.67,10.67,10.84,-0.17,-1.57,14830.42,15963.4094,002239.SZ,1.518
633,002239.SZ,20101224,10.7,10.79,10.61,10.75,10.67,0.08,0.75,10752.59,11498.0984,002239.SZ,1.518
634,002239.SZ,20101227,10.75,10.86,10.45,10.48,10.75,-0.27,-2.51,10494.09,11208.7073,002239.SZ,1.518
635,002239.SZ,20101228,10.38,10.5,9.93,9.93,10.48,-0.55,-5.25,16296.46,16475.1338,002239.SZ,1.518
636,002239.SZ,20101229,9.91,10.25,9.9,10.14,9.93,0.21,2.11,10325.79,10458.4048,002239.SZ,1.518
637,002239.SZ,20101230,10.25,10.25,9.99,10.12,10.14,-0.02,-0.2,7753.12,7837.8013,002239.SZ,1.518
638,002239.SZ,20101231,10.12,10.34,10.12,10.3,10.12,0.18,1.78,9593.86,9790.3477,002239.SZ,1.518
639,002239.SZ,20110104,10.32,10.44,10.24,10.35,10.3,0.05,0.49,12881.86,13335.5018,002239.SZ,1.518
640,002239.SZ,20110105,10.18,10.49,10.18,10.43,10.35,0.08,0.77,13873.43,14418.5476,002239.SZ,1.518
641,002239.SZ,20110106,10.43,10.48,10.18,10.29,10.43,-0.14,-1.34,9428.86,9702.2712,002239.SZ,1.518
642,002239.SZ,20110107,10.3,10.37,10.2,10.31,10.29,0.02,0.19,8278.78,8511.3461,002239.SZ,1.518
643,002239.SZ,20110110,10.23,10.32,10.0,10.02,10.31,-0.29,-2.81,7309.61,7409.463,002239.SZ,1.518
644,002239.SZ,20110111,10.02,10.05,9.82,9.86,10.02,-0.16,-1.6,9135.25,9055.791,002239.SZ,1.518
645,002239.SZ,20110112,9.94,10.15,9.84,10.12,9.86,0.26,2.64,8084.36,8034.2514,002239.SZ,1.518
646,002239.SZ,20110113,10.11,10.14,9.98,10.08,10.12,-0.04,-0.4,7848.29,7877.867,002239.SZ,1.518
647,002239.SZ,20110114,10.1,10.35,9.96,10.13,10.08,0.05,0.5,16745.35,17041.3714,002239.SZ,1.518
648,002239.SZ,20110117,10.08,10.08,9.5,9.52,10.13,-0.61,-6.02,14486.68,14158.7997,002239.SZ,1.518
649,002239.SZ,20110118,9.51,9.62,9.5,9.55,9.52,0.03,0.32,4845.9,4629.804,002239.SZ,1.518
650,002239.SZ,20110119,9.56,9.68,9.52,9.65,9.55,0.1,1.05,5362.14,5162.6567,002239.SZ,1.518
651,002239.SZ,20110120,9.61,9.66,9.12,9.16,9.65,-0.49,-5.08,8549.5,8018.9145,002239.SZ,1.518
652,002239.SZ,20110121,9.3,9.3,9.05,9.15,9.16,-0.01,-0.11,7873.77,7202.0218,002239.SZ,1.518
653,002239.SZ,20110124,9.2,9.2,8.91,8.91,9.15,-0.24,-2.62,7274.6,6566.4507,002239.SZ,1.518
654,002239.SZ,20110125,8.92,9.01,8.66,8.77,8.91,-0.14,-1.57,5768.01,5077.1462,002239.SZ,1.518
655,002239.SZ,20110126,8.77,9.38,8.77,9.31,8.77,0.54,6.16,15391.33,14073.3064,002239.SZ,1.518
656,002239.SZ,20110127,9.37,9.37,9.17,9.25,9.31,-0.06,-0.64,14649.15,13590.8621,002239.SZ,1.518
657,002239.SZ,20110128,9.24,9.3,9.15,9.23,9.25,-0.02,-0.22,8157.99,7517.1433,002239.SZ,1.518
658,002239.SZ,20110131,9.16,9.38,9.16,9.31,9.23,0.08,0.87,7965.94,7395.3636,002239.SZ,1.518
659,002239.SZ,20110201,9.35,9.35,9.24,9.27,9.31,-0.04,-0.43,5176.43,4803.0745,002239.SZ,1.518
660,002239.SZ,20110209,9.27,9.28,9.05,9.07,9.27,-0.2,-2.16,4679.49,4299.0418,002239.SZ,1.518
661,002239.SZ,20110210,9.1,9.26,9.01,9.26,9.07,0.19,2.09,5799.26,5311.0221,002239.SZ,1.518
662,002239.SZ,20110211,9.23,9.46,9.23,9.43,9.26,0.17,1.84,10110.71,9500.362,002239.SZ,1.518
663,002239.SZ,20110214,9.44,9.9,9.4,9.79,9.43,0.36,3.82,34495.6,33482.3221,002239.SZ,1.518
664,002239.SZ,20110215,9.8,9.89,9.65,9.7,9.79,-0.09,-0.92,24877.17,24262.7525,002239.SZ,1.518
665,002239.SZ,20110216,9.7,10.36,9.61,10.09,9.7,0.39,4.02,35094.26,35243.3827,002239.SZ,1.518
666,002239.SZ,20110217,10.1,10.1,9.85,9.98,10.09,-0.11,-1.09,16854.7,16794.9425,002239.SZ,1.518
667,002239.SZ,20110218,9.98,10.0,9.82,9.96,9.98,-0.02,-0.2,15848.81,15743.5293,002239.SZ,1.518
668,002239.SZ,20110221,9.95,10.09,9.81,10.08,9.96,0.12,1.2,10433.5,10428.4767,002239.SZ,1.518
669,002239.SZ,20110222,10.08,10.33,9.92,10.09,10.08,0.01,0.1,33459.25,33778.2784,002239.SZ,1.518
670,002239.SZ,20110223,10.04,10.3,10.0,10.15,10.09,0.06,0.59,60305.0,61397.9346,002239.SZ,1.518
671,002239.SZ,20110224,10.1,10.1,9.71,9.9,10.15,-0.25,-2.46,21374.97,21112.9253,002239.SZ,1.518
672,002239.SZ,20110225,9.88,9.93,9.71,9.82,9.9,-0.08,-0.81,16935.32,16573.1821,002239.SZ,1.518
673,002239.SZ,20110228,9.9,10.03,9.74,10.03,9.82,0.21,2.14,22389.13,22184.2474,002239.SZ,1.518
674,002239.SZ,20110301,10.03,10.11,9.96,10.04,10.03,0.01,0.1,14433.63,14484.1181,002239.SZ,1.518
675,002239.SZ,20110302,10.05,10.05,9.78,9.99,10.04,-0.05,-0.5,11906.03,11825.2075,002239.SZ,1.518
676,002239.SZ,20110303,9.99,10.17,9.9,10.03,9.99,0.04,0.4,17710.22,17768.7014,002239.SZ,1.518
677,002239.SZ,20110304,10.06,10.26,9.94,10.23,10.03,0.2,1.99,20471.44,20734.4172,002239.SZ,1.518
678,002239.SZ,20110307,10.24,10.42,10.16,10.36,10.23,0.13,1.27,22681.6,23286.9906,002239.SZ,1.518
679,002239.SZ,20110308,10.4,10.41,10.19,10.31,10.36,-0.05,-0.48,17169.32,17608.1038,002239.SZ,1.518
680,002239.SZ,20110309,10.3,10.33,10.21,10.25,10.31,-0.06,-0.58,12644.59,12944.8571,002239.SZ,1.518
681,002239.SZ,20110310,10.2,10.36,10.11,10.23,10.25,-0.02,-0.2,9871.16,10103.5156,002239.SZ,1.518
682,002239.SZ,20110311,10.18,10.39,10.18,10.3,10.23,0.07,0.68,17285.67,17790.849,002239.SZ,1.518
683,002239.SZ,20110314,10.06,10.55,10.06,10.5,10.3,0.2,1.94,30747.33,32088.7815,002239.SZ,1.518
684,002239.SZ,20110315,10.5,10.75,10.32,10.7,10.5,0.2,1.9,46281.71,48871.2865,002239.SZ,1.518
685,002239.SZ,20110316,10.69,10.69,10.47,10.6,10.7,-0.1,-0.93,29697.79,31450.5842,002239.SZ,1.518
686,002239.SZ,20110317,10.5,10.83,10.31,10.57,10.6,-0.03,-0.28,27029.65,28406.9511,002239.SZ,1.518
687,002239.SZ,20110318,10.6,10.82,10.5,10.59,10.57,0.02,0.19,21954.17,23394.872,002239.SZ,1.518
688,002239.SZ,20110321,10.51,10.64,10.28,10.28,10.59,-0.31,-2.93,17246.36,18005.4154,002239.SZ,1.518
689,002239.SZ,20110322,10.31,10.38,10.17,10.23,10.28,-0.05,-0.49,13070.31,13401.002,002239.SZ,1.518
690,002239.SZ,20110323,10.24,10.31,10.0,10.29,10.23,0.06,0.59,15655.1,15942.0433,002239.SZ,1.518
691,002239.SZ,20110324,10.26,10.47,10.22,10.35,10.29,0.06,0.58,13312.33,13765.8044,002239.SZ,1.518
692,002239.SZ,20110325,10.35,10.35,10.23,10.24,10.35,-0.11,-1.06,18663.61,19188.3473,002239.SZ,1.518
693,002239.SZ,20110328,10.23,10.31,10.19,10.23,10.24,-0.01,-0.1,13108.17,13418.2002,002239.SZ,1.518
694,002239.SZ,20110329,10.27,10.45,10.21,10.26,10.23,0.03,0.29,19105.24,19705.8162,002239.SZ,1.518
695,002239.SZ,20110330,10.23,10.33,10.05,10.08,10.26,-0.18,-1.75,15144.82,15397.1232,002239.SZ,1.518
696,002239.SZ,20110331,10.07,10.15,9.74,9.79,10.08,-0.29,-2.88,13121.03,13013.0171,002239.SZ,1.518
697,002239.SZ,20110401,9.8,9.93,9.63,9.89,9.79,0.1,1.02,12971.75,12731.7202,002239.SZ,1.518
698,002239.SZ,20110406,9.76,9.95,9.76,9.9,9.89,0.01,0.1,6738.24,6665.9641,002239.SZ,1.518
699,002239.SZ,20110407,9.9,9.9,9.67,9.82,9.9,-0.08,-0.81,14002.22,13704.3604,002239.SZ,1.518
700,002239.SZ,20110408,9.74,9.91,9.74,9.87,9.82,0.05,0.51,10739.99,10577.3657,002239.SZ,1.518
701,002239.SZ,20110411,9.97,10.47,9.95,10.35,9.87,0.48,4.86,52187.13,53575.0202,002239.SZ,1.518
702,002239.SZ,20110412,10.3,10.57,10.25,10.4,10.35,0.05,0.48,40617.13,42334.7434,002239.SZ,1.518
703,002239.SZ,20110413,10.3,10.55,10.23,10.5,10.4,0.1,0.96,32103.46,33410.2748,002239.SZ,1.518
704,002239.SZ,20110414,10.45,10.87,10.45,10.72,10.5,0.22,2.1,55287.53,59294.3361,002239.SZ,1.518
705,002239.SZ,20110415,10.72,11.09,10.61,11.04,10.72,0.32,2.99,57870.27,63062.6064,002239.SZ,1.518
706,002239.SZ,20110418,11.04,11.04,10.56,10.71,11.04,-0.33,-2.99,51995.64,56014.1491,002239.SZ,1.518
707,002239.SZ,20110419,10.59,10.66,10.37,10.37,10.71,-0.34,-3.17,38492.23,40382.4027,002239.SZ,1.518
708,002239.SZ,20110420,10.37,10.7,10.34,10.55,10.37,0.18,1.74,24963.11,26253.3974,002239.SZ,1.518
709,002239.SZ,20110421,10.6,10.65,10.34,10.37,10.55,-0.18,-1.71,28299.4,29546.649,002239.SZ,1.518
710,002239.SZ,20110422,10.36,10.4,10.1,10.15,10.37,-0.22,-2.12,20346.08,20774.2829,002239.SZ,1.518
711,002239.SZ,20110425,10.14,10.26,10.03,10.16,10.15,0.01,0.1,15012.49,15205.8164,002239.SZ,1.518
712,002239.SZ,20110426,10.19,10.2,9.78,9.86,10.16,-0.3,-2.95,15810.02,15726.5517,002239.SZ,1.518
713,002239.SZ,20110427,9.86,9.98,9.57,9.8,9.86,-0.06,-0.61,20193.79,19731.3018,002239.SZ,1.518
714,002239.SZ,20110428,9.87,10.23,9.5,10.12,9.8,0.32,3.27,43212.79,42827.5157,002239.SZ,1.518
715,002239.SZ,20110429,9.93,10.15,9.75,9.91,10.12,-0.21,-2.08,12392.66,12256.2226,002239.SZ,1.518
716,002239.SZ,20110503,9.82,10.04,9.79,9.95,9.91,0.04,0.4,8660.46,8624.3334,002239.SZ,1.518
717,002239.SZ,20110504,9.96,9.96,9.51,9.64,9.95,-0.31,-3.12,14752.05,14319.4657,002239.SZ,1.518
718,002239.SZ,20110505,9.5,9.66,9.33,9.4,9.64,-0.24,-2.49,11718.5,11086.9035,002239.SZ,1.518
719,002239.SZ,20110506,9.19,9.52,9.19,9.37,9.4,-0.03,-0.32,13925.84,13099.2089,002239.SZ,1.518
720,002239.SZ,20110509,9.4,9.5,9.32,9.35,9.37,-0.02,-0.21,10418.0,9770.1791,002239.SZ,1.518
721,002239.SZ,20110510,9.39,9.42,9.32,9.41,9.35,0.06,0.64,6987.01,6546.5706,002239.SZ,1.518
722,002239.SZ,20110511,9.38,9.47,9.21,9.45,9.41,0.04,0.43,12663.29,11866.1425,002239.SZ,1.518
723,002239.SZ,20110512,9.38,9.54,9.29,9.29,9.45,-0.16,-1.69,9151.1,8643.4996,002239.SZ,1.518
724,002239.SZ,20110513,9.31,9.41,9.24,9.38,9.29,0.09,0.97,5664.57,5274.7416,002239.SZ,1.518
725,002239.SZ,20110516,9.38,9.53,9.37,9.5,9.38,0.12,1.28,8031.21,7609.0768,002239.SZ,1.518
726,002239.SZ,20110517,9.52,9.68,9.35,9.58,9.5,0.08,0.84,14931.1,14231.3431,002239.SZ,1.518
727,002239.SZ,20110518,9.53,9.67,9.4,9.52,9.58,-0.06,-0.63,8074.9,7677.9197,002239.SZ,1.518
728,002239.SZ,20110519,9.51,9.58,9.36,9.45,9.52,-0.07,-0.74,8381.81,7952.6824,002239.SZ,1.518
729,002239.SZ,20110520,9.4,9.46,9.13,9.16,9.45,-0.29,-3.07,14231.96,13132.9446,002239.SZ,1.518
730,002239.SZ,20110523,9.24,9.24,8.5,8.65,9.16,-0.51,-5.57,18674.58,16436.7757,002239.SZ,1.518
731,002239.SZ,20110524,8.62,8.63,8.3,8.54,8.65,-0.11,-1.27,12121.21,10256.1923,002239.SZ,1.518
732,002239.SZ,20110525,8.52,8.65,8.35,8.36,8.54,-0.18,-2.11,6642.91,5637.6024,002239.SZ,1.518
733,002239.SZ,20110526,8.45,8.45,8.24,8.28,8.36,-0.08,-0.96,8507.69,7104.0811,002239.SZ,1.518
734,002239.SZ,20110527,8.28,8.28,8.28,8.28,8.28,0.0,0.0,0.0,0.0,002239.SZ,1.518
735,002239.SZ,20110530,8.3,8.3,7.9,7.94,8.28,-0.34,-4.11,6777.99,5423.47,002239.SZ,1.518
736,002239.SZ,20110531,7.99,8.11,7.89,8.1,7.94,0.16,2.02,4785.2,3825.6755,002239.SZ,1.518
737,002239.SZ,20110601,8.08,8.14,8.01,8.12,8.1,0.02,0.25,4191.52,3393.9116,002239.SZ,1.518
738,002239.SZ,20110602,8.05,8.05,7.75,7.86,8.12,-0.26,-3.2,6083.97,4786.8517,002239.SZ,1.518
739,002239.SZ,20110603,7.89,8.02,7.86,7.95,7.86,0.09,1.15,4553.14,3623.4508,002239.SZ,1.518
740,002239.SZ,20110607,7.96,8.13,7.96,8.09,7.95,0.14,1.76,5250.79,4234.3968,002239.SZ,1.518
741,002239.SZ,20110608,8.21,8.89,8.21,8.4,8.09,0.31,3.83,18632.92,15822.0464,002239.SZ,1.518
742,002239.SZ,20110609,8.28,8.47,8.17,8.2,8.4,-0.2,-2.38,8761.61,7271.7413,002239.SZ,1.518
743,002239.SZ,20110610,8.2,8.28,7.98,8.15,8.2,-0.05,-0.61,5463.27,4434.8401,002239.SZ,1.518
744,002239.SZ,20110613,8.13,8.13,7.92,8.02,8.15,-0.13,-1.6,4899.35,3920.2185,002239.SZ,1.518
745,002239.SZ,20110614,8.06,8.15,8.0,8.12,8.02,0.1,1.25,4603.01,3729.0942,002239.SZ,1.518
746,002239.SZ,20110615,8.11,8.22,8.11,8.12,8.12,0.0,0.0,5354.89,4371.7506,002239.SZ,1.518
747,002239.SZ,20110616,8.08,8.15,7.9,7.94,8.12,-0.18,-2.22,8306.24,6650.4073,002239.SZ,1.518
748,002239.SZ,20110617,7.9,8.04,7.8,7.91,7.92,-0.01,-0.13,3396.26,2688.3439,002239.SZ,1.522
749,002239.SZ,20110620,8.0,8.0,7.46,7.49,7.91,-0.42,-5.31,7286.0,5529.328,002239.SZ,1.522
750,002239.SZ,20110621,7.48,7.59,7.33,7.53,7.49,0.04,0.53,4928.85,3699.2503,002239.SZ,1.522
751,002239.SZ,20110622,7.55,7.59,7.42,7.5,7.53,-0.03,-0.4,4475.96,3363.6496,002239.SZ,1.522
752,002239.SZ,20110623,7.5,7.66,7.34,7.59,7.5,0.09,1.2,7474.38,5595.4768,002239.SZ,1.522
753,002239.SZ,20110624,7.58,7.85,7.53,7.83,7.59,0.24,3.16,9949.01,7684.8949,002239.SZ,1.522
754,002239.SZ,20110627,7.81,8.01,7.81,7.99,7.83,0.16,2.04,7935.82,6295.4668,002239.SZ,1.522
755,002239.SZ,20110628,7.9,8.08,7.9,8.06,7.99,0.07,0.88,6524.99,5232.5257,002239.SZ,1.522
756,002239.SZ,20110629,8.05,8.08,7.8,7.81,8.06,-0.25,-3.1,5463.03,4343.7985,002239.SZ,1.522
757,002239.SZ,20110630,7.83,7.98,7.83,7.94,7.81,0.13,1.66,5193.93,4115.1243,002239.SZ,1.522
758,002239.SZ,20110701,7.94,8.05,7.94,8.03,7.94,0.09,1.13,6563.05,5246.277,002239.SZ,1.522
759,002239.SZ,20110704,8.02,8.47,8.01,8.36,8.03,0.33,4.11,18041.83,14953.3536,002239.SZ,1.522
760,002239.SZ,20110705,8.41,8.77,8.02,8.68,8.36,0.32,3.83,33969.71,29095.0508,002239.SZ,1.522
761,002239.SZ,20110706,8.79,8.81,8.31,8.7,8.68,0.02,0.23,15573.05,13457.6083,002239.SZ,1.522
762,002239.SZ,20110707,8.66,8.7,8.5,8.6,8.7,-0.1,-1.15,13829.22,11891.5772,002239.SZ,1.522
763,002239.SZ,20110708,8.48,8.72,8.48,8.55,8.6,-0.05,-0.58,6239.36,5336.3037,002239.SZ,1.522
764,002239.SZ,20110711,8.58,8.64,8.3,8.45,8.55,-0.1,-1.17,6070.25,5132.305,002239.SZ,1.522
765,002239.SZ,20110712,8.36,8.5,8.1,8.24,8.45,-0.21,-2.49,14979.65,12375.8993,002239.SZ,1.522
766,002239.SZ,20110713,8.23,8.49,8.15,8.41,8.24,0.17,2.06,13579.18,11331.8509,002239.SZ,1.522
767,002239.SZ,20110714,8.39,8.48,8.32,8.47,8.41,0.06,0.71,14121.45,11852.7178,002239.SZ,1.522
768,002239.SZ,20110715,8.45,8.64,8.35,8.56,8.47,0.09,1.06,13861.63,11805.5594,002239.SZ,1.522
769,002239.SZ,20110718,8.53,8.64,8.46,8.61,8.56,0.05,0.58,8906.82,7642.3712,002239.SZ,1.522
770,002239.SZ,20110719,8.48,8.58,8.39,8.52,8.61,-0.09,-1.05,9987.27,8465.5376,002239.SZ,1.522
771,002239.SZ,20110720,8.47,8.87,8.47,8.82,8.52,0.3,3.52,33173.93,29051.6738,002239.SZ,1.522
772,002239.SZ,20110721,8.85,9.15,8.62,8.98,8.82,0.16,1.81,65249.03,58624.3953,002239.SZ,1.522
773,002239.SZ,20110722,8.99,8.99,8.59,8.62,8.98,-0.36,-4.01,29868.88,26007.9056,002239.SZ,1.522
774,002239.SZ,20110725,8.53,8.53,7.94,8.01,8.62,-0.61,-7.08,20739.2,16982.4152,002239.SZ,1.522
775,002239.SZ,20110726,7.97,7.98,7.81,7.94,8.01,-0.07,-0.87,9094.73,7186.1996,002239.SZ,1.522
776,002239.SZ,20110727,7.93,8.11,7.85,8.03,7.94,0.09,1.13,6455.29,5156.3792,002239.SZ,1.522
777,002239.SZ,20110728,7.96,7.96,7.82,7.9,8.03,-0.13,-1.62,6105.0,4808.696,002239.SZ,1.522
778,002239.SZ,20110729,7.86,7.96,7.8,7.94,7.9,0.04,0.51,5413.15,4267.4125,002239.SZ,1.522
779,002239.SZ,20110801,7.95,8.1,7.82,8.08,7.94,0.14,1.76,8178.64,6523.3771,002239.SZ,1.522
780,002239.SZ,20110802,8.0,8.08,7.83,8.05,8.08,-0.03,-0.37,7967.82,6349.4075,002239.SZ,1.522
781,002239.SZ,20110803,7.96,8.3,7.92,8.07,8.05,0.02,0.25,10798.96,8770.4053,002239.SZ,1.522
782,002239.SZ,20110804,8.07,8.21,8.07,8.15,8.07,0.08,0.99,6306.0,5139.6443,002239.SZ,1.522
783,002239.SZ,20110805,7.92,8.03,7.66,7.85,8.15,-0.3,-3.68,6212.31,4909.4657,002239.SZ,1.522
784,002239.SZ,20110808,7.78,7.88,7.07,7.18,7.85,-0.67,-8.54,9516.11,7018.0848,002239.SZ,1.522
785,002239.SZ,20110809,7.16,7.16,6.64,6.93,7.18,-0.25,-3.48,15282.68,10482.0514,002239.SZ,1.522
786,002239.SZ,20110810,6.99,7.16,6.97,7.02,6.93,0.09,1.3,11893.66,8391.8753,002239.SZ,1.522
787,002239.SZ,20110811,6.84,7.13,6.77,7.12,7.02,0.1,1.42,11871.8,8336.1921,002239.SZ,1.522
788,002239.SZ,20110812,7.13,7.37,7.13,7.22,7.12,0.1,1.4,12246.04,8884.8535,002239.SZ,1.522
789,002239.SZ,20110815,7.27,7.4,7.2,7.36,7.22,0.14,1.94,8743.64,6402.542,002239.SZ,1.522
790,002239.SZ,20110816,7.4,7.43,7.24,7.29,7.36,-0.07,-0.95,7179.95,5284.1935,002239.SZ,1.522
791,002239.SZ,20110817,7.27,7.34,7.18,7.22,7.29,-0.07,-0.96,8865.05,6424.9998,002239.SZ,1.522
792,002239.SZ,20110818,7.22,7.28,7.08,7.09,7.22,-0.13,-1.8,6262.49,4500.5038,002239.SZ,1.522
793,002239.SZ,20110819,7.0,7.05,6.83,7.03,7.09,-0.06,-0.85,5184.91,3615.2986,002239.SZ,1.522
794,002239.SZ,20110822,7.03,7.13,6.93,7.05,7.03,0.02,0.28,4545.89,3210.6908,002239.SZ,1.522
795,002239.SZ,20110823,7.05,7.32,7.05,7.32,7.05,0.27,3.83,7881.1,5679.5636,002239.SZ,1.522
796,002239.SZ,20110824,7.32,7.45,7.26,7.33,7.32,0.01,0.14,8841.63,6507.4696,002239.SZ,1.522
797,002239.SZ,20110825,7.3,7.48,7.3,7.48,7.33,0.15,2.05,8677.99,6422.1582,002239.SZ,1.522
798,002239.SZ,20110826,7.45,7.57,7.38,7.52,7.48,0.04,0.53,7403.76,5549.6886,002239.SZ,1.522
799,002239.SZ,20110829,7.48,7.52,7.29,7.37,7.52,-0.15,-1.99,5523.71,4085.0404,002239.SZ,1.522
800,002239.SZ,20110830,7.4,7.48,7.3,7.33,7.37,-0.04,-0.54,8224.21,6100.1413,002239.SZ,1.522
801,002239.SZ,20110831,7.33,7.34,7.22,7.28,7.33,-0.05,-0.68,5072.99,3686.8198,002239.SZ,1.522
802,002239.SZ,20110901,7.28,7.35,7.17,7.23,7.28,-0.05,-0.69,4270.89,3102.8251,002239.SZ,1.522
803,002239.SZ,20110902,7.21,7.25,7.07,7.19,7.23,-0.04,-0.55,3369.01,2407.1846,002239.SZ,1.522
804,002239.SZ,20110905,7.09,7.27,7.03,7.19,7.19,0.0,0.0,6233.63,4465.7891,002239.SZ,1.522
805,002239.SZ,20110906,7.21,7.43,7.08,7.4,7.19,0.21,2.92,15977.33,11704.2181,002239.SZ,1.522
806,002239.SZ,20110907,7.41,8.13,7.25,8.13,7.4,0.73,9.86,61533.67,47485.9085,002239.SZ,1.522
807,002239.SZ,20110908,7.93,8.44,7.75,7.79,8.13,-0.34,-4.18,60790.96,49025.2447,002239.SZ,1.522
808,002239.SZ,20110909,7.78,7.93,7.65,7.78,7.79,-0.01,-0.13,22470.48,17356.4942,002239.SZ,1.522
809,002239.SZ,20110913,7.56,8.48,7.0,8.25,7.78,0.47,6.04,60424.11,48687.3342,002239.SZ,1.522
810,002239.SZ,20110914,8.1,8.33,8.04,8.31,8.25,0.06,0.73,30643.63,25081.7967,002239.SZ,1.522
811,002239.SZ,20110915,8.25,8.34,8.08,8.16,8.31,-0.15,-1.81,22635.06,18545.5909,002239.SZ,1.522
812,002239.SZ,20110916,8.1,8.27,8.02,8.02,8.16,-0.14,-1.72,18035.37,14647.4025,002239.SZ,1.522
813,002239.SZ,20110919,8.02,8.82,8.0,8.82,8.02,0.8,9.98,84736.76,73495.1307,002239.SZ,1.522
814,002239.SZ,20110920,8.83,9.18,8.7,9.13,8.82,0.31,3.51,79839.98,72009.8826,002239.SZ,1.522
815,002239.SZ,20110921,9.13,9.38,8.99,9.38,9.13,0.25,2.74,63741.48,58562.3299,002239.SZ,1.522
816,002239.SZ,20110922,9.35,9.51,9.15,9.17,9.38,-0.21,-2.24,42188.15,39356.2039,002239.SZ,1.522
817,002239.SZ,20110923,8.99,9.17,8.8,9.15,9.17,-0.02,-0.22,28224.08,25291.3955,002239.SZ,1.522
818,002239.SZ,20110926,9.05,9.19,8.88,9.19,9.15,0.04,0.44,22153.71,20109.0615,002239.SZ,1.522
819,002239.SZ,20110927,9.18,9.35,8.98,9.1,9.19,-0.09,-0.98,19511.6,17890.0039,002239.SZ,1.522
820,002239.SZ,20110928,9.06,9.74,9.0,9.53,9.1,0.43,4.73,60076.5,56926.1209,002239.SZ,1.522
821,002239.SZ,20110929,9.38,9.82,9.24,9.53,9.53,0.0,0.0,48536.93,46638.137,002239.SZ,1.522
822,002239.SZ,20110930,9.53,9.8,9.14,9.6,9.53,0.07,0.73,48003.44,45862.9485,002239.SZ,1.522
823,002239.SZ,20111010,9.56,10.45,9.36,9.79,9.6,0.19,1.98,53859.74,53595.4334,002239.SZ,1.522
824,002239.SZ,20111011,9.93,10.05,9.62,9.81,9.79,0.02,0.2,46139.69,45096.2189,002239.SZ,1.522
825,002239.SZ,20111012,9.7,10.17,9.63,10.12,9.81,0.31,3.16,38475.76,38342.5796,002239.SZ,1.522
826,002239.SZ,20111013,10.09,10.17,9.98,10.16,10.12,0.04,0.4,24177.2,24365.3559,002239.SZ,1.522
827,002239.SZ,20111014,10.1,10.45,10.01,10.33,10.16,0.17,1.67,29649.7,30521.2367,002239.SZ,1.522
828,002239.SZ,20111017,10.34,10.5,10.13,10.46,10.33,0.13,1.26,29135.35,29977.9308,002239.SZ,1.522
829,002239.SZ,20111018,10.44,10.44,10.16,10.16,10.46,-0.3,-2.87,20366.69,20945.4195,002239.SZ,1.522
830,002239.SZ,20111019,10.03,10.23,9.4,9.99,10.16,-0.17,-1.67,39843.52,39237.0716,002239.SZ,1.522
831,002239.SZ,20111020,9.82,10.02,9.6,9.94,9.99,-0.05,-0.5,20868.67,20517.5362,002239.SZ,1.522
832,002239.SZ,20111021,9.83,9.99,9.71,9.86,9.94,-0.08,-0.8,12414.92,12245.788,002239.SZ,1.522
833,002239.SZ,20111024,9.85,9.85,8.87,9.31,9.86,-0.55,-5.58,24853.93,23108.8674,002239.SZ,1.522
834,002239.SZ,20111025,9.18,10.24,9.18,10.24,9.31,0.93,9.99,59857.77,59723.7884,002239.SZ,1.522
835,002239.SZ,20111026,10.24,10.46,10.12,10.36,10.24,0.12,1.17,40789.12,41960.1419,002239.SZ,1.522
836,002239.SZ,20111027,10.26,10.92,10.25,10.3,10.36,-0.06,-0.58,35108.36,37105.7744,002239.SZ,1.522
837,002239.SZ,20111028,10.36,10.79,10.21,10.62,10.3,0.32,3.11,37992.74,40123.5314,002239.SZ,1.522
838,002239.SZ,20111031,10.6,10.7,10.5,10.59,10.62,-0.03,-0.28,21780.16,23104.0861,002239.SZ,1.522
839,002239.SZ,20111101,10.51,10.9,10.4,10.7,10.59,0.11,1.04,27306.94,29235.9179,002239.SZ,1.522
840,002239.SZ,20111102,10.67,10.72,10.27,10.69,10.7,-0.01,-0.09,24854.12,26114.6846,002239.SZ,1.522
841,002239.SZ,20111103,10.68,10.98,10.28,10.5,10.69,-0.19,-1.78,51114.62,53925.2475,002239.SZ,1.522
842,002239.SZ,20111104,10.5,10.72,10.33,10.43,10.5,-0.07,-0.67,31690.81,33514.2234,002239.SZ,1.522
843,002239.SZ,20111107,10.35,10.9,10.0,10.62,10.43,0.19,1.82,40461.08,42591.9865,002239.SZ,1.522
844,002239.SZ,20111108,10.62,10.62,10.62,10.62,10.62,0.0,0.0,0.0,0.0,002239.SZ,1.522
845,002239.SZ,20111109,10.62,10.62,10.62,10.62,10.62,0.0,0.0,0.0,0.0,002239.SZ,1.522
846,002239.SZ,20111110,10.62,10.62,10.62,10.62,10.62,0.0,0.0,0.0,0.0,002239.SZ,1.522
847,002239.SZ,20111111,10.62,10.62,10.62,10.62,10.62,0.0,0.0,0.0,0.0,002239.SZ,1.522
848,002239.SZ,20111114,10.62,10.62,10.62,10.62,10.62,0.0,0.0,0.0,0.0,002239.SZ,1.522
849,002239.SZ,20111115,10.62,10.62,10.62,10.62,10.62,0.0,0.0,0.0,0.0,002239.SZ,1.522
850,002239.SZ,20111116,10.62,10.62,10.62,10.62,10.62,0.0,0.0,0.0,0.0,002239.SZ,1.522
851,002239.SZ,20111117,10.62,10.62,10.62,10.62,10.62,0.0,0.0,0.0,0.0,002239.SZ,1.522
852,002239.SZ,20111118,10.62,10.62,10.62,10.62,10.62,0.0,0.0,0.0,0.0,002239.SZ,1.522
853,002239.SZ,20111121,10.62,10.62,10.62,10.62,10.62,0.0,0.0,0.0,0.0,002239.SZ,1.522
854,002239.SZ,20111122,10.62,10.62,10.62,10.62,10.62,0.0,0.0,0.0,0.0,002239.SZ,1.522
855,002239.SZ,20111123,10.62,10.62,10.62,10.62,10.62,0.0,0.0,0.0,0.0,002239.SZ,1.522
856,002239.SZ,20111124,10.62,10.62,10.62,10.62,10.62,0.0,0.0,0.0,0.0,002239.SZ,1.522
857,002239.SZ,20111125,10.62,10.62,10.62,10.62,10.62,0.0,0.0,0.0,0.0,002239.SZ,1.522
858,002239.SZ,20111128,10.62,10.62,10.62,10.62,10.62,0.0,0.0,0.0,0.0,002239.SZ,1.522
859,002239.SZ,20111129,10.62,10.62,10.62,10.62,10.62,0.0,0.0,0.0,0.0,002239.SZ,1.522
860,002239.SZ,20111130,10.62,10.62,10.62,10.62,10.62,0.0,0.0,0.0,0.0,002239.SZ,1.522
861,002239.SZ,20111201,10.62,10.62,10.62,10.62,10.62,0.0,0.0,0.0,0.0,002239.SZ,1.522
862,002239.SZ,20111202,10.62,10.62,10.62,10.62,10.62,0.0,0.0,0.0,0.0,002239.SZ,1.522
863,002239.SZ,20111205,10.62,10.62,10.62,10.62,10.62,0.0,0.0,0.0,0.0,002239.SZ,1.522
864,002239.SZ,20111206,10.62,10.62,10.62,10.62,10.62,0.0,0.0,0.0,0.0,002239.SZ,1.522
865,002239.SZ,20111207,10.62,10.62,10.62,10.62,10.62,0.0,0.0,0.0,0.0,002239.SZ,1.522
866,002239.SZ,20111208,10.62,10.62,10.62,10.62,10.62,0.0,0.0,0.0,0.0,002239.SZ,1.522
867,002239.SZ,20111209,10.62,10.62,10.62,10.62,10.62,0.0,0.0,0.0,0.0,002239.SZ,1.522
868,002239.SZ,20111212,10.62,10.62,10.62,10.62,10.62,0.0,0.0,0.0,0.0,002239.SZ,1.522
869,002239.SZ,20111213,10.62,10.62,10.62,10.62,10.62,0.0,0.0,0.0,0.0,002239.SZ,1.522
870,002239.SZ,20111214,10.62,10.62,10.62,10.62,10.62,0.0,0.0,0.0,0.0,002239.SZ,1.522
871,002239.SZ,20111215,10.62,10.62,10.62,10.62,10.62,0.0,0.0,0.0,0.0,002239.SZ,1.522
872,002239.SZ,20111216,10.62,10.62,10.62,10.62,10.62,0.0,0.0,0.0,0.0,002239.SZ,1.522
873,002239.SZ,20111219,10.62,10.62,10.62,10.62,10.62,0.0,0.0,0.0,0.0,002239.SZ,1.522
874,002239.SZ,20111220,10.62,10.62,10.62,10.62,10.62,0.0,0.0,0.0,0.0,002239.SZ,1.522
875,002239.SZ,20111221,10.62,10.62,10.62,10.62,10.62,0.0,0.0,0.0,0.0,002239.SZ,1.522
876,002239.SZ,20111222,10.62,10.62,10.62,10.62,10.62,0.0,0.0,0.0,0.0,002239.SZ,1.522
877,002239.SZ,20111223,10.62,10.62,10.62,10.62,10.62,0.0,0.0,0.0,0.0,002239.SZ,1.522
878,002239.SZ,20111226,10.62,10.62,10.62,10.62,10.62,0.0,0.0,0.0,0.0,002239.SZ,1.522
879,002239.SZ,20111227,10.62,10.62,10.62,10.62,10.62,0.0,0.0,0.0,0.0,002239.SZ,1.522
880,002239.SZ,20111228,10.62,10.62,10.62,10.62,10.62,0.0,0.0,0.0,0.0,002239.SZ,1.522
881,002239.SZ,20111229,10.62,10.62,10.62,10.62,10.62,0.0,0.0,0.0,0.0,002239.SZ,1.522
882,002239.SZ,20111230,10.62,10.62,10.62,10.62,10.62,0.0,0.0,0.0,0.0,002239.SZ,1.522
883,002239.SZ,20120104,10.62,10.62,10.62,10.62,10.62,0.0,0.0,0.0,0.0,002239.SZ,1.522
884,002239.SZ,20120105,9.56,9.56,9.56,9.56,10.62,-1.06,-9.98,792.0,757.152,002239.SZ,1.522
885,002239.SZ,20120106,8.6,8.6,8.6,8.6,9.56,-0.96,-10.04,542.0,466.12,002239.SZ,1.522
886,002239.SZ,20120109,7.74,8.78,7.74,8.4,8.6,-0.2,-2.33,117458.86,92527.6417,002239.SZ,1.522
887,002239.SZ,20120110,8.15,8.45,7.92,8.25,8.4,-0.15,-1.79,88358.35,72246.3541,002239.SZ,1.522
888,002239.SZ,20120111,8.08,8.18,7.9,8.01,8.25,-0.24,-2.91,63420.52,51081.4799,002239.SZ,1.522
889,002239.SZ,20120112,7.92,8.04,7.78,7.91,8.01,-0.1,-1.25,48569.24,38485.4521,002239.SZ,1.522
890,002239.SZ,20120113,7.89,7.9,7.12,7.12,7.91,-0.79,-9.99,64118.31,46860.7337,002239.SZ,1.522
891,002239.SZ,20120116,6.7,6.8,6.48,6.51,7.12,-0.61,-8.57,37294.52,24809.3013,002239.SZ,1.522
892,002239.SZ,20120117,6.48,6.95,6.48,6.95,6.51,0.44,6.76,44635.16,29976.2302,002239.SZ,1.522
893,002239.SZ,20120118,6.88,7.05,6.38,6.45,6.95,-0.5,-7.19,49465.35,33357.5635,002239.SZ,1.522
894,002239.SZ,20120119,6.38,6.64,6.38,6.54,6.45,0.09,1.4,22850.53,14886.1982,002239.SZ,1.522
895,002239.SZ,20120120,6.54,6.64,6.5,6.6,6.54,0.06,0.92,18582.4,12221.3996,002239.SZ,1.522
896,002239.SZ,20120130,6.65,6.76,6.54,6.68,6.6,0.08,1.21,23469.84,15612.9555,002239.SZ,1.522
897,002239.SZ,20120131,6.65,6.72,6.57,6.68,6.68,0.0,0.0,13913.79,9253.5823,002239.SZ,1.522
898,002239.SZ,20120201,6.68,7.17,6.65,7.03,6.68,0.35,5.24,53500.27,37040.8967,002239.SZ,1.522
899,002239.SZ,20120202,6.98,7.05,6.83,7.02,7.03,-0.01,-0.14,32242.37,22405.6089,002239.SZ,1.522
900,002239.SZ,20120203,7.02,7.02,7.02,7.02,7.02,0.0,0.0,0.0,0.0,002239.SZ,1.522
901,002239.SZ,20120206,7.17,7.28,7.04,7.15,7.02,0.13,1.85,35198.02,25127.022,002239.SZ,1.522
902,002239.SZ,20120207,7.06,7.27,6.9,7.2,7.15,0.05,0.7,40106.14,28371.9409,002239.SZ,1.522
903,002239.SZ,20120208,7.15,7.47,7.03,7.31,7.2,0.11,1.53,48365.58,34979.065,002239.SZ,1.522
904,002239.SZ,20120209,7.28,7.41,7.19,7.25,7.31,-0.06,-0.82,45547.16,33209.9737,002239.SZ,1.522
905,002239.SZ,20120210,7.26,7.45,7.22,7.34,7.25,0.09,1.24,31910.95,23449.6647,002239.SZ,1.522
906,002239.SZ,20120213,7.25,7.46,7.2,7.36,7.34,0.02,0.27,31450.14,23058.1205,002239.SZ,1.522
907,002239.SZ,20120214,7.3,7.39,7.21,7.27,7.36,-0.09,-1.22,28646.87,20865.3994,002239.SZ,1.522
908,002239.SZ,20120215,7.28,7.48,7.2,7.44,7.27,0.17,2.34,34336.87,25313.5749,002239.SZ,1.522
909,002239.SZ,20120216,7.45,7.86,7.45,7.61,7.44,0.17,2.28,50533.6,38497.651,002239.SZ,1.522
910,002239.SZ,20120217,7.58,7.58,7.35,7.44,7.61,-0.17,-2.23,27448.56,20459.6585,002239.SZ,1.522
911,002239.SZ,20120220,7.5,7.58,7.4,7.5,7.44,0.06,0.81,34349.86,25707.5043,002239.SZ,1.522
912,002239.SZ,20120221,7.5,7.55,7.32,7.54,7.5,0.04,0.53,27220.15,20302.2765,002239.SZ,1.522
913,002239.SZ,20120222,7.51,7.66,7.47,7.65,7.54,0.11,1.46,38002.51,28849.4268,002239.SZ,1.522
914,002239.SZ,20120223,7.63,7.85,7.62,7.77,7.65,0.12,1.57,46319.73,35861.4631,002239.SZ,1.522
915,002239.SZ,20120224,7.81,8.13,7.81,7.88,7.77,0.11,1.42,48145.77,38259.6116,002239.SZ,1.522
916,002239.SZ,20120227,7.85,7.94,7.75,7.8,7.88,-0.08,-1.02,34490.39,27026.1215,002239.SZ,1.522
917,002239.SZ,20120228,7.75,7.79,7.53,7.67,7.8,-0.13,-1.67,29544.49,22619.1319,002239.SZ,1.522
918,002239.SZ,20120229,7.66,7.86,7.57,7.57,7.67,-0.1,-1.3,31818.07,24637.8542,002239.SZ,1.522
919,002239.SZ,20120301,7.5,7.66,7.5,7.62,7.57,0.05,0.66,17685.94,13453.4031,002239.SZ,1.522
920,002239.SZ,20120302,7.65,7.75,7.63,7.74,7.62,0.12,1.57,23735.22,18290.4364,002239.SZ,1.522
921,002239.SZ,20120305,7.71,7.84,7.65,7.67,7.74,-0.07,-0.9,23449.94,18102.2761,002239.SZ,1.522
922,002239.SZ,20120306,7.67,7.67,7.42,7.5,7.67,-0.17,-2.22,19963.29,15032.4974,002239.SZ,1.522
923,002239.SZ,20120307,7.4,7.54,7.33,7.5,7.5,0.0,0.0,20020.81,14928.485,002239.SZ,1.522
924,002239.SZ,20120308,7.53,7.62,7.48,7.58,7.5,0.08,1.07,20601.07,15573.8187,002239.SZ,1.522
925,002239.SZ,20120309,7.6,7.71,7.55,7.71,7.58,0.13,1.72,20854.83,15927.2577,002239.SZ,1.522
926,002239.SZ,20120312,7.72,7.84,7.68,7.75,7.71,0.04,0.52,22096.53,17130.4281,002239.SZ,1.522
927,002239.SZ,20120313,7.75,7.93,7.7,7.88,7.75,0.13,1.68,32708.38,25610.1171,002239.SZ,1.522
928,002239.SZ,20120314,7.9,7.99,7.31,7.31,7.88,-0.57,-7.23,44702.81,34562.4434,002239.SZ,1.522
929,002239.SZ,20120315,7.36,7.41,6.58,7.01,7.31,-0.3,-4.1,26393.72,18719.9132,002239.SZ,1.522
930,002239.SZ,20120316,7.02,7.19,6.97,7.18,7.01,0.17,2.43,20681.32,14680.7707,002239.SZ,1.522
931,002239.SZ,20120319,7.21,7.38,7.06,7.34,7.18,0.16,2.23,25413.29,18298.2566,002239.SZ,1.522
932,002239.SZ,20120320,7.33,7.33,7.12,7.14,7.34,-0.2,-2.72,19557.22,14075.9268,002239.SZ,1.522
933,002239.SZ,20120321,7.14,7.85,7.0,7.85,7.14,0.71,9.94,66033.77,49519.5386,002239.SZ,1.522
934,002239.SZ,20120322,7.86,8.43,7.85,8.08,7.85,0.23,2.93,110846.9,89821.6343,002239.SZ,1.522
935,002239.SZ,20120323,8.04,8.21,7.85,8.21,8.08,0.13,1.61,58454.76,46928.2281,002239.SZ,1.522
936,002239.SZ,20120326,8.16,8.59,8.11,8.4,8.21,0.19,2.31,73036.32,61025.2065,002239.SZ,1.522
937,002239.SZ,20120327,8.35,9.24,8.24,9.23,8.4,0.83,9.88,83826.52,72054.629,002239.SZ,1.522
938,002239.SZ,20120328,9.0,9.12,8.59,8.71,9.23,-0.52,-5.63,72145.03,63803.3661,002239.SZ,1.522
939,002239.SZ,20120329,8.55,9.48,8.01,9.08,8.71,0.37,4.25,96236.48,82510.5057,002239.SZ,1.522
940,002239.SZ,20120330,8.7,8.9,8.17,8.18,9.08,-0.9,-9.91,76491.41,65645.6382,002239.SZ,1.522
941,002239.SZ,20120405,8.11,8.54,7.9,8.47,8.18,0.29,3.55,47131.56,39231.5514,002239.SZ,1.522
942,002239.SZ,20120406,8.5,8.94,8.36,8.6,8.47,0.13,1.53,56669.92,49167.8726,002239.SZ,1.522
943,002239.SZ,20120409,8.41,9.16,8.16,8.98,8.6,0.38,4.42,79001.27,69660.4006,002239.SZ,1.522
944,002239.SZ,20120410,8.75,9.17,8.54,9.07,8.98,0.09,1.0,68166.43,60282.5882,002239.SZ,1.522
945,002239.SZ,20120411,8.9,9.14,8.81,8.9,9.07,-0.17,-1.87,52616.34,47172.0971,002239.SZ,1.522
946,002239.SZ,20120412,8.7,8.91,8.55,8.81,8.9,-0.09,-1.01,67555.52,58845.7019,002239.SZ,1.522
947,002239.SZ,20120413,8.81,9.12,8.56,8.67,8.81,-0.14,-1.59,60189.76,53203.2028,002239.SZ,1.522
948,002239.SZ,20120416,8.41,8.71,8.33,8.41,8.67,-0.26,-3.0,47574.26,40373.0899,002239.SZ,1.522
949,002239.SZ,20120417,8.45,8.61,8.33,8.49,8.41,0.08,0.95,38941.55,33019.375,002239.SZ,1.522
950,002239.SZ,20120418,8.5,8.8,8.41,8.74,8.49,0.25,2.94,36765.81,31757.045,002239.SZ,1.522
951,002239.SZ,20120419,8.75,9.1,8.65,8.98,8.74,0.24,2.75,53548.11,47482.2289,002239.SZ,1.522
952,002239.SZ,20120420,8.91,9.15,8.82,8.98,8.98,0.0,0.0,45134.95,40699.6997,002239.SZ,1.522
953,002239.SZ,20120423,8.86,8.96,8.38,8.43,8.98,-0.55,-6.12,35646.08,30945.5657,002239.SZ,1.522
954,002239.SZ,20120424,8.37,8.59,7.91,8.22,8.43,-0.21,-2.49,35045.05,28830.0063,002239.SZ,1.522
955,002239.SZ,20120425,8.2,8.4,7.97,8.32,8.22,0.1,1.22,24457.62,20075.1634,002239.SZ,1.522
956,002239.SZ,20120426,8.3,8.47,8.19,8.19,8.32,-0.13,-1.56,21719.21,18067.7414,002239.SZ,1.522
957,002239.SZ,20120427,8.2,8.37,7.96,7.97,8.19,-0.22,-2.69,21266.43,17234.9372,002239.SZ,1.522
958,002239.SZ,20120502,8.03,8.32,8.03,8.15,7.97,0.18,2.26,18394.71,15107.9436,002239.SZ,1.522
959,002239.SZ,20120503,8.11,8.31,8.06,8.24,8.15,0.09,1.1,13636.51,11202.3416,002239.SZ,1.522
960,002239.SZ,20120504,8.34,8.38,8.19,8.29,8.24,0.05,0.61,13030.19,10767.0187,002239.SZ,1.522
961,002239.SZ,20120507,8.2,8.38,8.1,8.21,8.29,-0.08,-0.97,19800.75,16221.5823,002239.SZ,1.522
962,002239.SZ,20120508,8.22,8.69,8.21,8.5,8.21,0.29,3.53,30940.87,25982.3219,002239.SZ,1.522
963,002239.SZ,20120509,8.45,8.45,8.26,8.35,8.5,-0.15,-1.76,15144.2,12648.234,002239.SZ,1.522
964,002239.SZ,20120510,8.35,8.61,8.3,8.57,8.35,0.22,2.63,26234.04,22284.6525,002239.SZ,1.522
965,002239.SZ,20120511,8.59,8.95,8.55,8.77,8.57,0.2,2.33,47670.03,41876.5588,002239.SZ,1.522
966,002239.SZ,20120514,8.78,8.89,8.55,8.74,8.77,-0.03,-0.34,32415.4,28333.561,002239.SZ,1.522
967,002239.SZ,20120515,8.7,8.7,8.38,8.53,8.74,-0.21,-2.4,27643.32,23550.8958,002239.SZ,1.522
968,002239.SZ,20120516,8.55,8.8,8.3,8.48,8.53,-0.05,-0.59,26081.84,22403.166,002239.SZ,1.522
969,002239.SZ,20120517,8.33,8.53,8.33,8.5,8.48,0.02,0.24,13703.86,11581.4782,002239.SZ,1.522
970,002239.SZ,20120518,8.36,8.5,8.17,8.22,8.5,-0.28,-3.29,17025.08,14120.374,002239.SZ,1.522
971,002239.SZ,20120521,8.18,8.59,8.18,8.55,8.22,0.33,4.01,19705.6,16654.8759,002239.SZ,1.522
972,002239.SZ,20120522,8.64,9.18,8.54,9.08,8.55,0.53,6.2,47817.5,42696.0245,002239.SZ,1.522
973,002239.SZ,20120523,9.1,9.25,8.85,9.1,9.08,0.02,0.22,29439.35,26543.9615,002239.SZ,1.522
974,002239.SZ,20120524,9.1,9.19,8.82,8.89,9.1,-0.21,-2.31,23716.12,21314.799,002239.SZ,1.522
975,002239.SZ,20120525,8.96,9.41,8.83,9.04,8.89,0.15,1.69,41153.33,37697.9762,002239.SZ,1.522
976,002239.SZ,20120528,9.04,9.04,9.04,9.04,9.04,0.0,0.0,0.0,0.0,002239.SZ,1.522
977,002239.SZ,20120529,9.13,9.27,8.85,9.18,9.04,0.14,1.55,38004.87,34326.441,002239.SZ,1.522
978,002239.SZ,20120530,9.12,9.13,8.9,9.08,9.18,-0.1,-1.09,21977.48,19792.2571,002239.SZ,1.522
979,002239.SZ,20120531,8.98,8.99,8.82,8.83,9.08,-0.25,-2.75,23976.97,21306.5069,002239.SZ,1.522
980,002239.SZ,20120601,8.8,9.02,8.8,8.97,8.83,0.14,1.59,18251.25,16276.0927,002239.SZ,1.522
981,002239.SZ,20120604,8.8,9.59,8.69,9.2,8.97,0.23,2.56,67287.32,61774.9502,002239.SZ,1.522
982,002239.SZ,20120605,9.5,10.12,9.5,10.12,9.2,0.92,10.0,40529.37,40211.0142,002239.SZ,1.522
983,002239.SZ,20120606,10.8,11.13,10.57,11.13,10.12,1.01,9.98,217527.39,240096.0783,002239.SZ,1.522
984,002239.SZ,20120607,11.08,11.23,10.55,10.86,11.13,-0.27,-2.43,211042.93,229574.4444,002239.SZ,1.522
985,002239.SZ,20120608,10.84,11.29,10.57,10.7,10.86,-0.16,-1.47,136844.7,149768.2791,002239.SZ,1.522
986,002239.SZ,20120611,10.53,10.55,9.94,10.32,10.7,-0.38,-3.55,144948.77,147717.46,002239.SZ,1.522
987,002239.SZ,20120612,10.22,10.36,10.0,10.0,10.32,-0.32,-3.1,97167.97,98880.689,002239.SZ,1.522
988,002239.SZ,20120613,9.91,10.26,9.83,10.17,10.0,0.17,1.7,97701.1,98157.9619,002239.SZ,1.522
989,002239.SZ,20120614,10.1,10.11,9.68,9.78,10.17,-0.39,-3.83,86255.19,85211.2508,002239.SZ,1.522
990,002239.SZ,20120615,9.79,10.02,9.65,9.99,9.78,0.21,2.15,70820.73,69626.0537,002239.SZ,1.522
991,002239.SZ,20120618,9.96,10.21,9.86,9.88,9.99,-0.11,-1.1,84989.45,85163.7378,002239.SZ,1.522
992,002239.SZ,20120619,9.78,10.3,9.75,10.15,9.86,0.29,2.94,97091.56,97724.3909,002239.SZ,1.525
993,002239.SZ,20120620,10.1,10.32,9.81,9.88,10.15,-0.27,-2.66,65632.51,65733.8405,002239.SZ,1.525
994,002239.SZ,20120621,9.86,9.86,9.16,9.23,9.88,-0.65,-6.58,66938.66,62573.4232,002239.SZ,1.525
995,002239.SZ,20120625,9.05,9.16,8.8,8.81,9.23,-0.42,-4.55,38316.35,34583.8718,002239.SZ,1.525
996,002239.SZ,20120626,8.69,8.81,8.5,8.74,8.81,-0.07,-0.79,39267.05,33936.9242,002239.SZ,1.525
997,002239.SZ,20120627,8.71,8.76,8.47,8.47,8.74,-0.27,-3.09,32806.48,28374.0089,002239.SZ,1.525
998,002239.SZ,20120628,8.46,8.52,8.06,8.1,8.47,-0.37,-4.37,44926.23,37182.5667,002239.SZ,1.525
999,002239.SZ,20120629,8.02,8.15,7.87,8.1,8.1,0.0,0.0,38621.67,31019.8134,002239.SZ,1.525
1000,002239.SZ,20120702,8.13,8.4,8.11,8.2,8.1,0.1,1.23,38164.28,31595.3747,002239.SZ,1.525
1001,002239.SZ,20120703,8.22,8.84,8.08,8.6,8.2,0.4,4.88,64619.92,55071.5093,002239.SZ,1.525
1002,002239.SZ,20120704,8.48,8.79,8.43,8.5,8.6,-0.1,-1.16,34893.39,29877.8297,002239.SZ,1.525
1003,002239.SZ,20120705,8.45,8.48,8.15,8.18,8.5,-0.32,-3.76,25631.38,21187.6511,002239.SZ,1.525
1004,002239.SZ,20120706,8.25,8.53,8.18,8.48,8.18,0.3,3.67,25923.63,21681.4514,002239.SZ,1.525
1005,002239.SZ,20120709,8.41,8.65,8.23,8.24,8.48,-0.24,-2.83,33793.09,28569.9809,002239.SZ,1.525
1006,002239.SZ,20120710,8.2,8.23,7.68,7.75,8.24,-0.49,-5.95,33648.92,26818.0946,002239.SZ,1.525
1007,002239.SZ,20120711,7.75,7.95,7.75,7.86,7.75,0.11,1.42,15065.2,11807.0388,002239.SZ,1.525
1008,002239.SZ,20120712,7.8,8.22,7.76,8.17,7.86,0.31,3.94,21471.84,17263.1928,002239.SZ,1.525
1009,002239.SZ,20120713,8.2,8.53,8.12,8.24,8.17,0.07,0.86,28022.94,23382.9188,002239.SZ,1.525
1010,002239.SZ,20120716,8.22,8.24,7.68,7.71,8.24,-0.53,-6.43,20744.35,16377.0335,002239.SZ,1.525
1011,002239.SZ,20120717,7.7,7.9,7.63,7.8,7.71,0.09,1.17,14803.08,11519.3322,002239.SZ,1.525
1012,002239.SZ,20120718,7.8,8.05,7.73,8.04,7.8,0.24,3.08,17558.69,13878.1101,002239.SZ,1.525
1013,002239.SZ,20120719,7.99,8.19,7.96,8.17,8.04,0.13,1.62,26734.58,21649.8833,002239.SZ,1.525
1014,002239.SZ,20120720,8.14,8.17,8.01,8.05,8.17,-0.12,-1.47,17217.06,13912.4186,002239.SZ,1.525
1015,002239.SZ,20120723,8.31,8.75,8.19,8.21,8.05,0.16,1.99,48342.12,40690.7207,002239.SZ,1.525
1016,002239.SZ,20120724,7.98,8.2,7.66,8.15,8.21,-0.06,-0.73,25676.14,20428.0856,002239.SZ,1.525
1017,002239.SZ,20120725,8.0,8.3,8.0,8.13,8.15,-0.02,-0.25,17248.51,14082.2594,002239.SZ,1.525
1018,002239.SZ,20120726,8.1,8.19,7.85,7.86,8.13,-0.27,-3.32,18276.3,14693.4175,002239.SZ,1.525
1019,002239.SZ,20120727,7.86,7.97,7.74,7.86,7.86,0.0,0.0,13751.09,10781.8045,002239.SZ,1.525
1020,002239.SZ,20120730,7.83,7.91,7.07,7.07,7.86,-0.79,-10.05,37855.75,27382.4886,002239.SZ,1.525
1021,002239.SZ,20120731,7.01,7.22,6.69,7.03,7.07,-0.04,-0.57,17480.17,12149.3803,002239.SZ,1.525
1022,002239.SZ,20120801,6.97,7.2,6.97,7.12,7.03,0.09,1.28,10734.81,7652.3925,002239.SZ,1.525
1023,002239.SZ,20120802,7.12,7.17,7.03,7.07,7.12,-0.05,-0.7,9064.12,6433.0615,002239.SZ,1.525
1024,002239.SZ,20120803,7.12,7.27,7.06,7.26,7.07,0.19,2.69,10861.32,7828.986,002239.SZ,1.525
1025,002239.SZ,20120806,7.25,7.47,7.19,7.46,7.26,0.2,2.75,13359.07,9804.7092,002239.SZ,1.525
1026,002239.SZ,20120807,8.21,8.21,8.21,8.21,7.46,0.75,10.05,12325.9,10119.5639,002239.SZ,1.525
1027,002239.SZ,20120808,9.03,9.03,9.03,9.03,8.21,0.82,9.99,11351.41,10250.3232,002239.SZ,1.525
1028,002239.SZ,20120809,9.78,9.93,9.03,9.93,9.03,0.9,9.97,224493.31,216067.0857,002239.SZ,1.525
1029,002239.SZ,20120810,9.93,9.93,9.34,9.4,9.93,-0.53,-5.34,130491.31,124462.1524,002239.SZ,1.525
1030,002239.SZ,20120813,9.27,9.63,8.92,8.95,9.4,-0.45,-4.79,90697.17,83829.6375,002239.SZ,1.525
1031,002239.SZ,20120814,8.8,9.16,8.5,9.14,8.95,0.19,2.12,88230.16,77949.0021,002239.SZ,1.525
1032,002239.SZ,20120815,8.99,9.23,8.77,8.85,9.14,-0.29,-3.17,64792.71,57995.7302,002239.SZ,1.525
1033,002239.SZ,20120816,8.84,9.09,8.7,8.73,8.85,-0.12,-1.36,42229.61,37503.7116,002239.SZ,1.525
1034,002239.SZ,20120817,8.65,8.83,8.4,8.57,8.73,-0.16,-1.83,48366.47,41379.737,002239.SZ,1.525
1035,002239.SZ,20120820,8.5,8.95,8.45,8.93,8.57,0.36,4.2,50881.66,44733.2532,002239.SZ,1.525
1036,002239.SZ,20120821,8.93,9.12,8.88,8.93,8.93,0.0,0.0,60190.01,54149.6603,002239.SZ,1.525
1037,002239.SZ,20120822,8.85,9.09,8.73,8.75,8.93,-0.18,-2.02,47449.72,42242.8675,002239.SZ,1.525
1038,002239.SZ,20120823,8.67,8.88,8.65,8.71,8.75,-0.04,-0.46,39812.72,34899.5832,002239.SZ,1.525
1039,002239.SZ,20120824,8.61,8.81,8.61,8.79,8.71,0.08,0.92,31377.99,27342.3293,002239.SZ,1.525
1040,002239.SZ,20120827,8.66,9.33,8.66,9.01,8.79,0.22,2.5,62853.17,57160.3729,002239.SZ,1.525
1041,002239.SZ,20120828,8.7,8.88,8.4,8.67,9.01,-0.34,-3.77,37526.01,32331.1419,002239.SZ,1.525
1042,002239.SZ,20120829,8.64,8.65,8.45,8.5,8.67,-0.17,-1.96,23516.27,20037.7783,002239.SZ,1.525
1043,002239.SZ,20120830,8.47,8.67,7.96,8.15,8.5,-0.35,-4.12,26251.6,21902.8523,002239.SZ,1.525
1044,002239.SZ,20120831,8.13,8.24,8.0,8.19,8.15,0.04,0.49,10786.87,8788.1212,002239.SZ,1.525
1045,002239.SZ,20120903,8.17,8.36,8.04,8.32,8.19,0.13,1.59,10078.89,8329.1926,002239.SZ,1.525
1046,002239.SZ,20120904,8.32,8.65,8.28,8.32,8.32,0.0,0.0,19221.35,16256.1551,002239.SZ,1.525
1047,002239.SZ,20120905,8.39,8.49,8.2,8.39,8.32,0.07,0.84,12405.84,10385.6805,002239.SZ,1.525
1048,002239.SZ,20120906,8.35,8.56,8.35,8.56,8.39,0.17,2.03,15568.49,13208.2357,002239.SZ,1.525
1049,002239.SZ,20120907,8.6,9.09,8.55,8.9,8.56,0.34,3.97,34249.22,30418.2566,002239.SZ,1.525
1050,002239.SZ,20120910,8.9,9.12,8.85,8.94,8.9,0.04,0.45,23953.32,21512.0751,002239.SZ,1.525
1051,002239.SZ,20120911,9.0,9.03,8.84,9.0,8.94,0.06,0.67,17853.26,15986.8387,002239.SZ,1.525
1052,002239.SZ,20120912,9.03,9.15,8.85,8.94,9.0,-0.06,-0.67,19336.31,17335.6113,002239.SZ,1.525
1053,002239.SZ,20120913,8.98,9.09,8.7,8.7,8.94,-0.24,-2.68,15034.43,13285.0367,002239.SZ,1.525
1054,002239.SZ,20120914,8.9,8.97,8.7,8.89,8.7,0.19,2.18,19553.96,17324.4068,002239.SZ,1.525
1055,002239.SZ,20120917,8.9,9.16,8.82,8.86,8.89,-0.03,-0.34,26070.14,23456.1717,002239.SZ,1.525
1056,002239.SZ,20120918,8.82,8.85,8.5,8.61,8.86,-0.25,-2.82,14739.2,12706.9285,002239.SZ,1.525
1057,002239.SZ,20120919,8.63,8.79,8.52,8.75,8.61,0.14,1.63,11565.07,9995.9495,002239.SZ,1.525
1058,002239.SZ,20120920,8.81,9.23,8.68,8.95,8.75,0.2,2.29,43006.14,38698.0008,002239.SZ,1.525
1059,002239.SZ,20120921,8.99,9.27,8.84,9.05,8.95,0.1,1.12,53550.78,48619.5798,002239.SZ,1.525
1060,002239.SZ,20120924,8.95,8.99,8.5,8.89,9.05,-0.16,-1.77,31223.22,27209.7522,002239.SZ,1.525
1061,002239.SZ,20120925,8.82,8.95,8.66,8.74,8.89,-0.15,-1.69,14228.53,12511.6095,002239.SZ,1.525
1062,002239.SZ,20120926,8.77,8.83,8.62,8.73,8.74,-0.01,-0.11,17317.73,15095.9876,002239.SZ,1.525
1063,002239.SZ,20120927,8.7,9.15,8.55,8.95,8.73,0.22,2.52,25745.13,22806.7743,002239.SZ,1.525
1064,002239.SZ,20120928,8.97,9.4,8.96,9.29,8.95,0.34,3.8,43825.89,40306.519,002239.SZ,1.525
1065,002239.SZ,20121008,9.23,9.55,9.15,9.2,9.29,-0.09,-0.97,24174.96,22424.802,002239.SZ,1.525
1066,002239.SZ,20121009,9.2,9.62,9.18,9.52,9.2,0.32,3.48,40097.15,37897.8537,002239.SZ,1.525
1067,002239.SZ,20121010,9.44,9.92,9.38,9.92,9.52,0.4,4.2,39909.56,38791.1673,002239.SZ,1.525
1068,002239.SZ,20121011,9.97,10.1,9.67,10.0,9.92,0.08,0.81,35207.23,34824.6307,002239.SZ,1.525
1069,002239.SZ,20121012,9.98,9.99,9.58,9.73,10.0,-0.27,-2.7,28069.88,27401.9022,002239.SZ,1.525
1070,002239.SZ,20121015,9.65,9.78,9.38,9.7,9.73,-0.03,-0.31,43500.23,41571.4103,002239.SZ,1.525
1071,002239.SZ,20121016,9.7,10.49,9.61,10.28,9.7,0.58,5.98,39257.34,39903.6412,002239.SZ,1.525
1072,002239.SZ,20121017,10.28,10.44,10.1,10.28,10.28,0.0,0.0,34479.17,35312.3889,002239.SZ,1.525
1073,002239.SZ,20121018,10.28,10.52,10.19,10.39,10.28,0.11,1.07,24122.71,25064.7706,002239.SZ,1.525
1074,002239.SZ,20121019,10.45,10.83,10.21,10.5,10.39,0.11,1.06,35251.79,37101.3377,002239.SZ,1.525
1075,002239.SZ,20121022,10.46,10.58,10.17,10.42,10.5,-0.08,-0.76,21270.93,22050.3062,002239.SZ,1.525
1076,002239.SZ,20121023,10.42,10.55,10.0,10.03,10.42,-0.39,-3.74,31158.31,31961.802,002239.SZ,1.525
1077,002239.SZ,20121024,9.8,9.87,9.51,9.67,10.03,-0.36,-3.59,33058.72,32082.0461,002239.SZ,1.525
1078,002239.SZ,20121025,9.67,10.34,9.6,10.01,9.67,0.34,3.52,27646.3,27581.4775,002239.SZ,1.525
1079,002239.SZ,20121026,9.9,10.19,9.78,9.99,10.01,-0.02,-0.2,16144.9,16077.168,002239.SZ,1.525
1080,002239.SZ,20121029,9.95,10.27,9.6,10.09,9.99,0.1,1.0,23157.23,23050.6943,002239.SZ,1.525
1081,002239.SZ,20121030,10.05,10.22,9.88,10.13,10.09,0.04,0.4,8404.86,8457.8855,002239.SZ,1.525
1082,002239.SZ,20121031,10.18,10.34,9.95,10.03,10.13,-0.1,-0.99,21513.31,21764.2744,002239.SZ,1.525
1083,002239.SZ,20121101,10.03,10.45,9.98,10.36,10.03,0.33,3.29,21768.62,22380.106,002239.SZ,1.525
1084,002239.SZ,20121102,10.45,10.55,10.3,10.38,10.36,0.02,0.19,16920.16,17642.0731,002239.SZ,1.525
1085,002239.SZ,20121105,10.39,10.4,9.96,9.98,10.38,-0.4,-3.85,15513.56,15738.3114,002239.SZ,1.525
1086,002239.SZ,20121106,9.88,10.2,9.2,9.48,9.98,-0.5,-5.01,21662.39,20739.4565,002239.SZ,1.525
1087,002239.SZ,20121107,9.36,9.6,9.36,9.49,9.48,0.01,0.11,9383.74,8899.7361,002239.SZ,1.525
1088,002239.SZ,20121108,9.4,9.5,9.07,9.27,9.49,-0.22,-2.32,12222.79,11305.1511,002239.SZ,1.525
1089,002239.SZ,20121109,9.26,9.63,9.02,9.46,9.27,0.19,2.05,20906.35,19578.8993,002239.SZ,1.525
1090,002239.SZ,20121112,9.46,9.59,9.31,9.52,9.46,0.06,0.63,13462.58,12731.2812,002239.SZ,1.525
1091,002239.SZ,20121113,9.57,9.57,9.2,9.37,9.52,-0.15,-1.58,14103.0,13150.929,002239.SZ,1.525
1092,002239.SZ,20121114,9.36,9.43,9.19,9.42,9.37,0.05,0.53,6117.76,5734.1685,002239.SZ,1.525
1093,002239.SZ,20121115,9.43,9.74,9.32,9.7,9.42,0.28,2.97,20327.43,19522.0162,002239.SZ,1.525
1094,002239.SZ,20121116,9.66,9.7,9.35,9.65,9.7,-0.05,-0.52,8865.4,8428.3396,002239.SZ,1.525
1095,002239.SZ,20121119,9.65,9.66,9.45,9.49,9.65,-0.16,-1.66,5000.99,4769.7904,002239.SZ,1.525
1096,002239.SZ,20121120,9.49,9.55,9.4,9.47,9.49,-0.02,-0.21,4371.51,4131.962,002239.SZ,1.525
1097,002239.SZ,20121121,9.46,9.54,9.3,9.49,9.47,0.02,0.21,7181.95,6777.561,002239.SZ,1.525
1098,002239.SZ,20121122,9.42,9.48,9.05,9.18,9.49,-0.31,-3.27,13562.74,12483.1398,002239.SZ,1.525
1099,002239.SZ,20121123,9.18,9.23,9.06,9.19,9.18,0.01,0.11,4565.14,4188.1459,002239.SZ,1.525
1100,002239.SZ,20121126,9.12,9.23,9.1,9.1,9.19,-0.09,-0.98,3642.0,3331.8209,002239.SZ,1.525
1101,002239.SZ,20121127,9.09,9.28,8.77,9.2,9.1,0.1,1.1,15876.67,14448.0254,002239.SZ,1.525
1102,002239.SZ,20121128,9.11,9.44,9.04,9.15,9.2,-0.05,-0.54,17216.37,15917.3558,002239.SZ,1.525
1103,002239.SZ,20121129,9.27,9.27,8.92,9.1,9.15,-0.05,-0.55,8074.9,7316.9087,002239.SZ,1.525
1104,002239.SZ,20121130,9.1,9.1,9.1,9.1,9.1,0.0,0.0,0.0,0.0,002239.SZ,1.525
1105,002239.SZ,20121203,9.1,9.1,9.1,9.1,9.1,0.0,0.0,0.0,0.0,002239.SZ,1.525
1106,002239.SZ,20121204,9.1,9.1,9.1,9.1,9.1,0.0,0.0,0.0,0.0,002239.SZ,1.525
1107,002239.SZ,20121205,9.1,9.1,9.1,9.1,9.1,0.0,0.0,0.0,0.0,002239.SZ,1.525
1108,002239.SZ,20121206,9.1,9.1,9.1,9.1,9.1,0.0,0.0,0.0,0.0,002239.SZ,1.525
1109,002239.SZ,20121207,9.1,9.1,9.1,9.1,9.1,0.0,0.0,0.0,0.0,002239.SZ,1.525
1110,002239.SZ,20121210,9.1,9.1,9.1,9.1,9.1,0.0,0.0,0.0,0.0,002239.SZ,1.525
1111,002239.SZ,20121211,9.1,9.1,9.1,9.1,9.1,0.0,0.0,0.0,0.0,002239.SZ,1.525
1112,002239.SZ,20121212,9.1,9.1,9.1,9.1,9.1,0.0,0.0,0.0,0.0,002239.SZ,1.525
1113,002239.SZ,20121213,9.1,9.1,9.1,9.1,9.1,0.0,0.0,0.0,0.0,002239.SZ,1.525
1114,002239.SZ,20121214,9.1,9.1,9.1,9.1,9.1,0.0,0.0,0.0,0.0,002239.SZ,1.525
1115,002239.SZ,20121217,9.1,9.1,9.1,9.1,9.1,0.0,0.0,0.0,0.0,002239.SZ,1.525
1116,002239.SZ,20121218,9.1,9.1,9.1,9.1,9.1,0.0,0.0,0.0,0.0,002239.SZ,1.525
1117,002239.SZ,20121219,9.1,9.1,9.1,9.1,9.1,0.0,0.0,0.0,0.0,002239.SZ,1.525
1118,002239.SZ,20121220,9.1,9.1,9.1,9.1,9.1,0.0,0.0,0.0,0.0,002239.SZ,1.525
1119,002239.SZ,20121221,9.1,9.1,9.1,9.1,9.1,0.0,0.0,0.0,0.0,002239.SZ,1.525
1120,002239.SZ,20121224,9.1,9.1,9.1,9.1,9.1,0.0,0.0,0.0,0.0,002239.SZ,1.525
1121,002239.SZ,20121225,9.1,9.1,9.1,9.1,9.1,0.0,0.0,0.0,0.0,002239.SZ,1.525
1122,002239.SZ,20121226,9.1,9.1,9.1,9.1,9.1,0.0,0.0,0.0,0.0,002239.SZ,1.525
1123,002239.SZ,20121227,9.1,9.1,9.1,9.1,9.1,0.0,0.0,0.0,0.0,002239.SZ,1.525
1124,002239.SZ,20121228,10.01,10.01,10.01,10.01,9.1,0.91,10.0,327.0,327.327,002239.SZ,1.525
1125,002239.SZ,20121231,11.01,11.01,11.01,11.01,10.01,1.0,9.99,1534.93,1689.9579,002239.SZ,1.525
1126,002239.SZ,20130104,12.11,12.11,12.11,12.11,11.01,1.1,9.99,17936.98,21721.6828,002239.SZ,1.525
1127,002239.SZ,20130107,12.99,13.32,12.45,13.32,12.11,1.21,9.99,275101.97,354693.9592,002239.SZ,1.525
1128,002239.SZ,20130108,12.7,13.12,12.58,12.8,13.32,-0.52,-3.9,162346.84,208495.8478,002239.SZ,1.525
1129,002239.SZ,20130109,12.75,12.92,12.32,12.45,12.8,-0.35,-2.73,99670.13,124772.3144,002239.SZ,1.525
1130,002239.SZ,20130110,12.43,12.6,12.1,12.41,12.45,-0.04,-0.32,89187.65,109830.0273,002239.SZ,1.525
1131,002239.SZ,20130111,12.38,12.6,12.16,12.52,12.41,0.11,0.89,81988.87,101633.7041,002239.SZ,1.525
1132,002239.SZ,20130114,12.43,12.75,12.2,12.66,12.52,0.14,1.12,107388.11,134395.4723,002239.SZ,1.525
1133,002239.SZ,20130115,12.45,12.58,12.29,12.41,12.66,-0.25,-1.97,93136.15,115870.3084,002239.SZ,1.525
1134,002239.SZ,20130116,12.4,12.87,12.22,12.27,12.41,-0.14,-1.13,87719.66,109912.0733,002239.SZ,1.525
1135,002239.SZ,20130117,11.9,11.92,11.25,11.25,12.27,-1.02,-8.31,100695.39,116195.3163,002239.SZ,1.525
1136,002239.SZ,20130118,11.23,11.64,11.21,11.49,11.25,0.24,2.13,55364.93,63246.7934,002239.SZ,1.525
1137,002239.SZ,20130121,11.51,11.77,11.5,11.69,11.49,0.2,1.74,43961.94,51275.6954,002239.SZ,1.525
1138,002239.SZ,20130122,11.69,11.77,11.41,11.56,11.69,-0.13,-1.11,38185.07,44180.9741,002239.SZ,1.525
1139,002239.SZ,20130123,11.4,11.64,11.31,11.64,11.56,0.08,0.69,27064.25,31114.18,002239.SZ,1.525
1140,002239.SZ,20130124,11.72,12.22,11.66,11.76,11.64,0.12,1.03,63702.78,75933.7226,002239.SZ,1.525
1141,002239.SZ,20130125,11.67,11.88,11.38,11.5,11.76,-0.26,-2.21,25254.23,29037.1518,002239.SZ,1.525
1142,002239.SZ,20130128,11.36,11.63,11.36,11.5,11.5,0.0,0.0,24260.53,27984.9368,002239.SZ,1.525
1143,002239.SZ,20130129,11.65,11.8,11.51,11.7,11.5,0.2,1.74,28951.32,33719.8081,002239.SZ,1.525
1144,002239.SZ,20130130,11.71,11.71,11.35,11.45,11.7,-0.25,-2.14,29674.29,34049.4998,002239.SZ,1.525
1145,002239.SZ,20130131,11.45,11.83,11.39,11.74,11.45,0.29,2.53,35933.91,41798.6089,002239.SZ,1.525
1146,002239.SZ,20130201,11.67,12.13,11.46,11.92,11.74,0.18,1.53,44990.38,53275.0114,002239.SZ,1.525
1147,002239.SZ,20130204,11.89,11.93,11.52,11.56,11.92,-0.36,-3.02,23126.86,27003.7219,002239.SZ,1.525
1148,002239.SZ,20130205,11.56,11.85,11.42,11.74,11.56,0.18,1.56,21402.42,24953.4959,002239.SZ,1.525
1149,002239.SZ,20130206,11.74,12.09,11.64,11.81,11.74,0.07,0.6,23077.41,27467.4244,002239.SZ,1.525
1150,002239.SZ,20130207,11.98,11.98,11.71,11.86,11.81,0.05,0.42,16004.72,18932.6162,002239.SZ,1.525
1151,002239.SZ,20130208,11.85,11.95,11.75,11.86,11.86,0.0,0.0,13646.39,16175.6961,002239.SZ,1.525
1152,002239.SZ,20130218,11.88,11.93,11.48,11.57,11.86,-0.29,-2.45,25409.1,29649.2583,002239.SZ,1.525
1153,002239.SZ,20130219,11.59,11.59,11.36,11.44,11.57,-0.13,-1.12,14212.59,16240.5683,002239.SZ,1.525
1154,002239.SZ,20130220,11.4,11.6,11.4,11.56,11.44,0.12,1.05,10079.52,11617.2424,002239.SZ,1.525
1155,002239.SZ,20130221,11.48,11.48,11.1,11.18,11.56,-0.38,-3.29,20068.58,22558.7669,002239.SZ,1.525
1156,002239.SZ,20130222,11.23,11.7,11.15,11.46,11.18,0.28,2.5,18829.66,21501.5439,002239.SZ,1.525
1157,002239.SZ,20130225,11.52,11.54,11.25,11.48,11.46,0.02,0.17,10622.59,12099.165,002239.SZ,1.525
1158,002239.SZ,20130226,11.35,11.7,11.35,11.38,11.48,-0.1,-0.87,16245.45,18774.6191,002239.SZ,1.525
1159,002239.SZ,20130227,11.44,11.57,11.22,11.5,11.38,0.12,1.05,11773.41,13504.9435,002239.SZ,1.525
1160,002239.SZ,20130228,11.63,11.63,11.45,11.61,11.5,0.11,0.96,15790.27,18222.2971,002239.SZ,1.525
1161,002239.SZ,20130301,11.57,12.09,11.55,11.95,11.61,0.34,2.93,39464.36,46707.6409,002239.SZ,1.525
1162,002239.SZ,20130304,11.85,12.38,11.78,12.04,11.95,0.09,0.75,51409.06,62475.6,002239.SZ,1.525
1163,002239.SZ,20130305,12.1,12.55,12.1,12.26,12.04,0.22,1.83,36927.15,45585.1881,002239.SZ,1.525
1164,002239.SZ,20130306,12.25,12.25,11.95,12.12,12.26,-0.14,-1.14,26331.22,31774.987,002239.SZ,1.525
1165,002239.SZ,20130307,12.2,12.27,11.82,11.89,12.12,-0.23,-1.9,17496.21,20929.1959,002239.SZ,1.525
1166,002239.SZ,20130308,11.96,12.25,11.86,11.94,11.89,0.05,0.42,16848.33,20263.0929,002239.SZ,1.525
1167,002239.SZ,20130311,11.97,12.02,11.42,11.58,11.94,-0.36,-3.02,14655.86,17046.0634,002239.SZ,1.525
1168,002239.SZ,20130312,11.58,11.7,11.21,11.36,11.58,-0.22,-1.9,11798.59,13477.1404,002239.SZ,1.525
1169,002239.SZ,20130313,11.25,11.58,11.25,11.56,11.36,0.2,1.76,8989.73,10270.8719,002239.SZ,1.525
1170,002239.SZ,20130314,11.5,11.6,11.28,11.36,11.56,-0.2,-1.73,10264.71,11718.5798,002239.SZ,1.525
1171,002239.SZ,20130315,11.31,11.58,11.12,11.5,11.36,0.14,1.23,20036.6,22703.9243,002239.SZ,1.525
1172,002239.SZ,20130318,11.51,11.51,11.2,11.25,11.5,-0.25,-2.17,7596.88,8565.3343,002239.SZ,1.525
1173,002239.SZ,20130319,11.14,11.45,11.14,11.45,11.25,0.2,1.78,6757.88,7629.1749,002239.SZ,1.525
1174,002239.SZ,20130320,11.49,11.65,11.43,11.63,11.45,0.18,1.57,12438.47,14373.047,002239.SZ,1.525
1175,002239.SZ,20130321,11.6,11.89,11.52,11.85,11.63,0.22,1.89,23498.16,27590.8265,002239.SZ,1.525
1176,002239.SZ,20130322,11.86,11.9,11.61,11.79,11.85,-0.06,-0.51,9491.33,11120.1069,002239.SZ,1.525
1177,002239.SZ,20130325,11.86,11.86,11.65,11.67,11.79,-0.12,-1.02,8512.68,9978.2873,002239.SZ,1.525
1178,002239.SZ,20130326,11.6,11.67,11.17,11.26,11.67,-0.41,-3.51,11988.01,13572.1263,002239.SZ,1.525
1179,002239.SZ,20130327,11.37,11.38,10.8,10.98,11.26,-0.28,-2.49,15571.01,17242.7626,002239.SZ,1.525
1180,002239.SZ,20130328,10.96,10.96,10.41,10.42,10.98,-0.56,-5.1,14304.27,15178.1701,002239.SZ,1.525
1181,002239.SZ,20130329,10.43,11.32,10.43,11.15,10.42,0.73,7.01,27108.66,29759.465,002239.SZ,1.525
1182,002239.SZ,20130401,11.18,11.41,10.93,11.37,11.15,0.22,1.97,16579.2,18572.1897,002239.SZ,1.525
1183,002239.SZ,20130402,11.8,12.2,11.3,11.49,11.37,0.12,1.06,41627.27,48873.5303,002239.SZ,1.525
1184,002239.SZ,20130403,11.0,11.69,10.56,11.24,11.49,-0.25,-2.18,30159.93,33350.5152,002239.SZ,1.525
1185,002239.SZ,20130408,10.88,11.28,10.75,10.96,11.24,-0.28,-2.49,11936.52,13027.5296,002239.SZ,1.525
1186,002239.SZ,20130409,10.98,11.1,10.87,10.9,10.96,-0.06,-0.55,9818.51,10762.1159,002239.SZ,1.525
1187,002239.SZ,20130410,10.93,11.0,10.69,10.74,10.9,-0.16,-1.47,11389.26,12311.9838,002239.SZ,1.525
1188,002239.SZ,20130411,11.5,11.57,10.98,11.2,10.74,0.46,4.28,61425.86,69288.0136,002239.SZ,1.525
1189,002239.SZ,20130412,11.0,11.4,10.77,11.24,11.2,0.04,0.36,39453.1,43737.8568,002239.SZ,1.525
1190,002239.SZ,20130415,11.77,11.77,10.9,11.08,11.24,-0.16,-1.42,27512.1,30829.7025,002239.SZ,1.525
1191,002239.SZ,20130416,10.76,11.42,10.61,10.9,11.08,-0.18,-1.62,35038.26,38514.6028,002239.SZ,1.525
1192,002239.SZ,20130417,10.98,11.14,10.85,10.98,10.9,0.08,0.73,18122.27,19885.9635,002239.SZ,1.525
1193,002239.SZ,20130418,10.78,11.04,10.7,10.7,10.98,-0.28,-2.55,20442.84,22106.6566,002239.SZ,1.525
1194,002239.SZ,20130419,10.69,10.9,10.63,10.68,10.7,-0.02,-0.19,40491.55,43484.777,002239.SZ,1.525
1195,002239.SZ,20130422,10.66,10.74,10.32,10.74,10.68,0.06,0.56,26402.87,27753.4071,002239.SZ,1.525
1196,002239.SZ,20130423,10.66,10.74,10.4,10.58,10.74,-0.16,-1.49,17624.85,18557.3744,002239.SZ,1.525
1197,002239.SZ,20130424,10.75,10.89,10.5,10.61,10.58,0.03,0.28,36228.57,38572.0016,002239.SZ,1.525
1198,002239.SZ,20130425,10.38,10.5,10.08,10.08,10.61,-0.53,-5.0,26581.54,27275.2942,002239.SZ,1.525
1199,002239.SZ,20130426,10.1,10.2,9.98,9.98,10.08,-0.1,-0.99,26519.7,26764.5018,002239.SZ,1.525
1200,002239.SZ,20130502,9.9,10.3,9.73,10.27,9.98,0.29,2.91,22656.44,22784.9976,002239.SZ,1.525
1201,002239.SZ,20130503,10.28,10.42,10.17,10.33,10.27,0.06,0.58,26173.75,27001.4448,002239.SZ,1.525
1202,002239.SZ,20130506,10.39,10.4,10.24,10.4,10.33,0.07,0.68,16621.4,17175.6407,002239.SZ,1.525
1203,002239.SZ,20130507,10.4,10.44,10.28,10.32,10.4,-0.08,-0.77,19201.17,19878.1271,002239.SZ,1.525
1204,002239.SZ,20130508,10.33,10.37,10.12,10.16,10.32,-0.16,-1.55,19724.83,20142.0595,002239.SZ,1.525
1205,002239.SZ,20130509,10.16,10.38,9.96,10.36,10.16,0.2,1.97,26033.92,26562.5621,002239.SZ,1.525
1206,002239.SZ,20130510,10.32,10.55,10.22,10.53,10.36,0.17,1.64,29403.33,30720.8248,002239.SZ,1.525
1207,002239.SZ,20130513,10.53,10.56,10.28,10.37,10.53,-0.16,-1.52,21531.73,22322.9156,002239.SZ,1.525
1208,002239.SZ,20130514,10.32,10.42,10.21,10.25,10.37,-0.12,-1.16,12034.77,12390.0595,002239.SZ,1.525
1209,002239.SZ,20130515,10.29,10.33,10.21,10.27,10.25,0.02,0.2,10731.41,11012.4467,002239.SZ,1.525
1210,002239.SZ,20130516,10.27,10.43,10.13,10.38,10.27,0.11,1.07,14217.81,14674.4322,002239.SZ,1.525
1211,002239.SZ,20130517,10.39,10.49,10.31,10.4,10.38,0.02,0.19,40535.27,42194.095,002239.SZ,1.525
1212,002239.SZ,20130520,10.4,10.55,10.38,10.53,10.4,0.13,1.25,55879.99,58546.2255,002239.SZ,1.525
1213,002239.SZ,20130521,10.55,10.59,10.4,10.52,10.53,-0.01,-0.1,46847.69,49096.6533,002239.SZ,1.525
1214,002239.SZ,20130522,10.53,10.73,10.42,10.73,10.52,0.21,2.0,55975.37,59271.8344,002239.SZ,1.525
1215,002239.SZ,20130523,10.75,10.78,10.53,10.54,10.73,-0.19,-1.77,42829.61,45584.8049,002239.SZ,1.525
1216,002239.SZ,20130524,10.5,10.58,10.43,10.53,10.54,-0.01,-0.09,27156.82,28471.253,002239.SZ,1.525
1217,002239.SZ,20130527,10.6,10.81,10.51,10.81,10.53,0.28,2.66,38430.7,41008.0776,002239.SZ,1.525
1218,002239.SZ,20130528,10.85,10.88,10.63,10.79,10.81,-0.02,-0.19,33634.65,36127.5309,002239.SZ,1.525
1219,002239.SZ,20130529,10.79,10.87,10.68,10.68,10.79,-0.11,-1.02,33820.35,36281.2612,002239.SZ,1.525
1220,002239.SZ,20130530,10.68,11.55,10.62,11.18,10.68,0.5,4.68,90573.14,101152.8183,002239.SZ,1.525
1221,002239.SZ,20130531,11.2,11.27,10.99,11.03,11.18,-0.15,-1.34,60836.82,67692.7414,002239.SZ,1.525
1222,002239.SZ,20130603,11.07,11.37,11.02,11.17,11.03,0.14,1.27,53222.62,59823.6594,002239.SZ,1.525
1223,002239.SZ,20130604,11.23,11.58,11.09,11.55,11.17,0.38,3.4,83906.64,95678.8082,002239.SZ,1.525
1224,002239.SZ,20130605,11.55,11.6,11.3,11.54,11.55,-0.01,-0.09,49900.75,56977.7954,002239.SZ,1.525
1225,002239.SZ,20130606,11.45,11.54,10.84,10.84,11.52,-0.68,-5.9,48848.02,54434.5782,002239.SZ,1.528
1226,002239.SZ,20130607,10.84,11.09,10.0,10.41,10.84,-0.43,-3.97,40243.22,42686.7225,002239.SZ,1.528
1227,002239.SZ,20130613,10.09,10.3,9.42,9.62,10.41,-0.79,-7.59,31783.11,30693.9263,002239.SZ,1.528
1228,002239.SZ,20130614,9.7,9.77,9.6,9.7,9.62,0.08,0.83,23645.98,22932.6129,002239.SZ,1.528
1229,002239.SZ,20130617,9.72,9.89,9.6,9.76,9.7,0.06,0.62,20017.73,19537.3641,002239.SZ,1.528
1230,002239.SZ,20130618,9.79,9.84,9.48,9.63,9.76,-0.13,-1.33,19095.66,18392.0265,002239.SZ,1.528
1231,002239.SZ,20130619,9.54,9.54,9.0,9.36,9.63,-0.27,-2.8,28853.61,26682.1261,002239.SZ,1.528
1232,002239.SZ,20130620,9.2,9.28,8.93,8.95,9.36,-0.41,-4.38,18770.63,17155.4611,002239.SZ,1.528
1233,002239.SZ,20130621,8.79,8.96,8.59,8.88,8.95,-0.07,-0.78,17660.28,15464.7522,002239.SZ,1.528
1234,002239.SZ,20130624,9.03,9.77,9.03,9.77,8.88,0.89,10.02,86389.58,83263.0705,002239.SZ,1.528
1235,002239.SZ,20130625,9.9,10.39,8.79,10.2,9.77,0.43,4.4,108689.16,106034.0726,002239.SZ,1.528
1236,002239.SZ,20130626,9.94,10.79,9.63,10.69,10.2,0.49,4.8,96400.9,99295.5378,002239.SZ,1.528
1237,002239.SZ,20130627,10.5,10.65,10.0,10.16,10.69,-0.53,-4.96,73323.99,75703.4553,002239.SZ,1.528
1238,002239.SZ,20130628,9.91,10.19,9.71,9.8,10.16,-0.36,-3.54,38278.64,37885.4167,002239.SZ,1.528
1239,002239.SZ,20130701,9.82,10.35,9.76,10.34,9.8,0.54,5.51,43331.0,43483.6211,002239.SZ,1.528
1240,002239.SZ,20130702,10.24,10.44,10.12,10.25,10.34,-0.09,-0.87,39484.3,40411.6365,002239.SZ,1.528
1241,002239.SZ,20130703,10.19,10.19,9.62,9.85,10.25,-0.4,-3.9,41480.88,41139.8782,002239.SZ,1.528
1242,002239.SZ,20130704,9.68,10.3,9.5,10.14,9.85,0.29,2.94,49082.42,48704.1292,002239.SZ,1.528
1243,002239.SZ,20130705,10.25,10.25,9.77,9.8,10.14,-0.34,-3.35,32384.92,32287.8965,002239.SZ,1.528
1244,002239.SZ,20130708,9.5,9.53,8.86,8.88,9.8,-0.92,-9.39,40580.86,37185.1579,002239.SZ,1.528
1245,002239.SZ,20130709,8.92,9.18,8.92,9.0,8.88,0.12,1.35,20832.35,18800.1051,002239.SZ,1.528
1246,002239.SZ,20130710,9.0,9.4,9.0,9.35,9.0,0.35,3.89,28897.42,26748.4048,002239.SZ,1.528
1247,002239.SZ,20130711,9.35,9.73,9.35,9.57,9.35,0.22,2.35,36473.68,34894.2105,002239.SZ,1.528
1248,002239.SZ,20130712,9.53,9.65,9.32,9.33,9.57,-0.24,-2.51,30867.89,29164.2119,002239.SZ,1.528
1249,002239.SZ,20130715,9.35,9.55,9.33,9.52,9.33,0.19,2.04,20447.48,19350.9198,002239.SZ,1.528
1250,002239.SZ,20130716,9.53,9.83,9.51,9.79,9.52,0.27,2.84,33127.59,31953.8727,002239.SZ,1.528
1251,002239.SZ,20130717,9.78,9.78,9.37,9.38,9.79,-0.41,-4.19,28911.97,27647.1706,002239.SZ,1.528
1252,002239.SZ,20130718,9.33,9.47,9.25,9.37,9.38,-0.01,-0.11,21092.49,19701.6087,002239.SZ,1.528
1253,002239.SZ,20130719,9.33,9.45,9.0,9.02,9.37,-0.35,-3.74,26007.48,23913.2169,002239.SZ,1.528
1254,002239.SZ,20130722,8.95,9.24,8.86,9.21,9.02,0.19,2.11,17246.31,15584.8749,002239.SZ,1.528
1255,002239.SZ,20130723,9.29,9.49,9.19,9.4,9.21,0.19,2.06,24152.72,22609.1102,002239.SZ,1.528
1256,002239.SZ,20130724,9.31,9.42,9.15,9.37,9.4,-0.03,-0.32,23261.29,21563.125,002239.SZ,1.528
1257,002239.SZ,20130725,9.35,9.41,9.12,9.16,9.37,-0.21,-2.24,20797.34,19160.3544,002239.SZ,1.528
1258,002239.SZ,20130726,9.16,9.22,9.0,9.04,9.16,-0.12,-1.31,14412.52,13092.6065,002239.SZ,1.528
1259,002239.SZ,20130729,9.04,9.05,8.88,9.04,9.04,0.0,0.0,14160.98,12679.3757,002239.SZ,1.528
1260,002239.SZ,20130730,9.69,9.94,9.6,9.94,9.04,0.9,9.96,38399.13,38066.1238,002239.SZ,1.528
1261,002239.SZ,20130731,10.19,10.2,9.69,9.7,9.94,-0.24,-2.41,82190.36,81703.6616,002239.SZ,1.528
1262,002239.SZ,20130801,9.61,9.8,9.61,9.74,9.7,0.04,0.41,48955.17,47455.2129,002239.SZ,1.528
1263,002239.SZ,20130802,9.71,9.86,9.63,9.64,9.74,-0.1,-1.03,40549.39,39500.2063,002239.SZ,1.528
1264,002239.SZ,20130805,9.6,9.73,9.52,9.73,9.64,0.09,0.93,30130.97,28995.3512,002239.SZ,1.528
1265,002239.SZ,20130806,9.7,9.84,9.57,9.76,9.73,0.03,0.31,35841.74,34888.7565,002239.SZ,1.528
1266,002239.SZ,20130807,9.72,10.08,9.66,9.88,9.76,0.12,1.23,62804.77,62261.4916,002239.SZ,1.528
1267,002239.SZ,20130808,9.8,9.99,9.75,9.92,9.88,0.04,0.4,31919.38,31456.6083,002239.SZ,1.528
1268,002239.SZ,20130809,9.95,10.63,9.67,10.21,9.92,0.29,2.92,77831.54,79411.8504,002239.SZ,1.528
1269,002239.SZ,20130812,10.13,10.49,10.03,10.29,10.21,0.08,0.78,66329.12,67945.0316,002239.SZ,1.528
1270,002239.SZ,20130813,10.25,10.37,10.17,10.21,10.29,-0.08,-0.78,39221.28,40222.8847,002239.SZ,1.528
1271,002239.SZ,20130814,10.18,10.23,10.02,10.07,10.21,-0.14,-1.37,38939.86,39346.4319,002239.SZ,1.528
1272,002239.SZ,20130815,10.05,10.17,10.0,10.0,10.07,-0.07,-0.7,21575.9,21740.6793,002239.SZ,1.528
1273,002239.SZ,20130816,9.96,10.18,9.63,9.68,10.0,-0.32,-3.2,32038.18,31987.4189,002239.SZ,1.528
1274,002239.SZ,20130819,9.56,9.96,9.56,9.9,9.68,0.22,2.27,23495.43,23076.7557,002239.SZ,1.528
1275,002239.SZ,20130820,9.88,9.9,9.75,9.82,9.9,-0.08,-0.81,21718.43,21373.0808,002239.SZ,1.528
1276,002239.SZ,20130821,9.76,10.15,9.76,10.11,9.82,0.29,2.95,33829.7,33911.6048,002239.SZ,1.528
1277,002239.SZ,20130822,10.11,10.13,10.01,10.04,10.11,-0.07,-0.69,17715.65,17836.7072,002239.SZ,1.528
1278,002239.SZ,20130823,10.08,10.15,9.7,9.85,10.04,-0.19,-1.89,30457.11,30173.1259,002239.SZ,1.528
1279,002239.SZ,20130826,9.9,10.24,9.86,10.18,9.85,0.33,3.35,38170.65,38619.9937,002239.SZ,1.528
1280,002239.SZ,20130827,10.16,10.25,10.05,10.17,10.18,-0.01,-0.1,40621.15,41172.551,002239.SZ,1.528
1281,002239.SZ,20130828,10.21,10.59,10.18,10.31,10.17,0.14,1.38,87753.2,91117.7986,002239.SZ,1.528
1282,002239.SZ,20130829,10.31,10.33,9.91,10.09,10.31,-0.22,-2.13,47321.96,47836.9662,002239.SZ,1.528
1283,002239.SZ,20130830,10.05,10.08,9.7,9.76,10.09,-0.33,-3.27,37617.01,37111.593,002239.SZ,1.528
1284,002239.SZ,20130902,9.72,9.92,9.7,9.85,9.76,0.09,0.92,16773.02,16463.6367,002239.SZ,1.528
1285,002239.SZ,20130903,9.85,10.05,9.81,10.04,9.85,0.19,1.93,20016.05,19961.0686,002239.SZ,1.528
1286,002239.SZ,20130904,10.11,10.11,9.92,10.01,10.04,-0.03,-0.3,18725.31,18713.859,002239.SZ,1.528
1287,002239.SZ,20130905,9.95,10.0,9.83,9.87,10.01,-0.14,-1.4,23665.94,23420.3449,002239.SZ,1.528
1288,002239.SZ,20130906,9.89,9.94,9.82,9.89,9.87,0.02,0.2,17946.23,17700.7575,002239.SZ,1.528
1289,002239.SZ,20130909,9.89,10.12,9.88,10.11,9.89,0.22,2.22,36784.48,36792.0055,002239.SZ,1.528
1290,002239.SZ,20130910,10.1,10.13,9.97,10.05,10.11,-0.06,-0.59,26684.99,26761.406,002239.SZ,1.528
1291,002239.SZ,20130911,10.05,10.09,9.76,9.83,10.05,-0.22,-2.19,33531.23,33011.6687,002239.SZ,1.528
1292,002239.SZ,20130912,9.78,9.87,9.72,9.82,9.83,-0.01,-0.1,19676.17,19319.8717,002239.SZ,1.528
1293,002239.SZ,20130913,9.77,9.9,9.71,9.88,9.82,0.06,0.61,21897.41,21504.9159,002239.SZ,1.528
1294,002239.SZ,20130916,9.93,9.94,9.8,9.85,9.88,-0.03,-0.3,17432.18,17185.7758,002239.SZ,1.528
1295,002239.SZ,20130917,9.86,9.86,9.53,9.55,9.85,-0.3,-3.05,20789.96,20165.3429,002239.SZ,1.528
1296,002239.SZ,20130918,9.65,9.8,9.51,9.74,9.55,0.19,1.99,12670.56,12219.4613,002239.SZ,1.528
1297,002239.SZ,20130923,9.77,9.85,9.68,9.84,9.74,0.1,1.03,13184.06,12907.0201,002239.SZ,1.528
1298,002239.SZ,20130924,9.81,9.84,9.63,9.75,9.84,-0.09,-0.91,17283.47,16783.0414,002239.SZ,1.528
1299,002239.SZ,20130925,9.74,9.82,9.62,9.74,9.75,-0.01,-0.1,19358.49,18826.2782,002239.SZ,1.528
1300,002239.SZ,20130926,9.68,9.74,9.5,9.5,9.74,-0.24,-2.46,17636.23,16923.4613,002239.SZ,1.528
1301,002239.SZ,20130927,9.46,9.65,9.45,9.57,9.5,0.07,0.74,11661.55,11157.0891,002239.SZ,1.528
1302,002239.SZ,20130930,9.57,9.72,9.54,9.66,9.57,0.09,0.94,11841.22,11413.6088,002239.SZ,1.528
1303,002239.SZ,20131008,9.66,9.83,9.66,9.75,9.66,0.09,0.93,22544.2,21999.3572,002239.SZ,1.528
1304,002239.SZ,20131009,9.74,9.83,9.66,9.82,9.75,0.07,0.72,18460.58,18022.0704,002239.SZ,1.528
1305,002239.SZ,20131010,9.82,9.97,9.75,9.86,9.82,0.04,0.41,30850.41,30502.2293,002239.SZ,1.528
1306,002239.SZ,20131011,9.91,10.05,9.85,10.0,9.86,0.14,1.42,34335.52,34254.4039,002239.SZ,1.528
1307,002239.SZ,20131014,10.09,10.96,10.09,10.46,10.0,0.46,4.6,101133.1,106954.5819,002239.SZ,1.528
1308,002239.SZ,20131015,10.46,11.1,10.46,10.91,10.46,0.45,4.3,89971.09,96799.5673,002239.SZ,1.528
1309,002239.SZ,20131016,10.92,10.99,10.67,10.81,10.91,-0.1,-0.92,61004.85,65807.0803,002239.SZ,1.528
1310,002239.SZ,20131017,10.98,11.52,10.91,11.11,10.81,0.3,2.78,84669.22,94829.3921,002239.SZ,1.528
1311,002239.SZ,20131018,11.06,11.5,10.71,11.5,11.11,0.39,3.51,98686.97,110462.8336,002239.SZ,1.528
1312,002239.SZ,20131021,11.5,11.5,11.5,11.5,11.5,0.0,0.0,0.0,0.0,002239.SZ,1.528
1313,002239.SZ,20131022,12.65,12.65,12.4,12.65,11.5,1.15,10.0,137312.13,173584.5316,002239.SZ,1.528
1314,002239.SZ,20131023,12.37,13.88,11.4,13.2,12.65,0.55,4.35,178216.29,225678.78,002239.SZ,1.528
1315,002239.SZ,20131024,13.0,14.26,12.8,13.82,13.2,0.62,4.7,140787.65,191803.579,002239.SZ,1.528
1316,002239.SZ,20131025,13.7,13.91,13.2,13.42,13.82,-0.4,-2.89,84935.6,115476.4382,002239.SZ,1.528
1317,002239.SZ,20131028,13.43,13.84,12.76,13.17,13.42,-0.25,-1.86,78284.91,103712.6089,002239.SZ,1.528
1318,002239.SZ,20131029,13.16,13.43,12.35,13.08,13.17,-0.09,-0.68,122768.06,158341.9306,002239.SZ,1.528
1319,002239.SZ,20131030,12.96,13.88,12.58,13.72,13.08,0.64,4.89,127155.94,169548.0722,002239.SZ,1.528
1320,002239.SZ,20131031,13.47,14.06,13.18,13.31,13.72,-0.41,-2.99,94996.7,129495.1009,002239.SZ,1.528
1321,002239.SZ,20131101,13.01,13.01,11.98,12.4,13.31,-0.91,-6.84,121186.76,147519.3096,002239.SZ,1.528
1322,002239.SZ,20131104,12.01,12.24,11.76,11.95,12.4,-0.45,-3.63,50496.47,60315.3055,002239.SZ,1.528
1323,002239.SZ,20131105,12.07,12.45,11.86,12.33,11.95,0.38,3.18,55037.7,66953.3244,002239.SZ,1.528
1324,002239.SZ,20131106,12.13,12.3,11.96,12.03,12.33,-0.3,-2.43,56223.81,68143.4741,002239.SZ,1.528
1325,002239.SZ,20131107,11.96,12.2,11.57,11.83,12.03,-0.2,-1.66,48036.99,57320.5815,002239.SZ,1.528
1326,002239.SZ,20131108,11.65,12.1,11.65,12.07,11.83,0.24,2.03,39190.76,46786.0863,002239.SZ,1.528
1327,002239.SZ,20131111,12.07,12.12,11.71,11.83,12.07,-0.24,-1.99,33420.29,39717.3147,002239.SZ,1.528
1328,002239.SZ,20131112,11.75,12.44,11.71,12.4,11.83,0.57,4.82,71213.48,87183.5726,002239.SZ,1.528
1329,002239.SZ,20131113,12.21,12.4,12.13,12.15,12.4,-0.25,-2.02,34011.92,41645.744,002239.SZ,1.528
1330,002239.SZ,20131114,11.8,11.96,10.94,10.98,12.15,-1.17,-9.63,103189.43,114888.6459,002239.SZ,1.528
1331,002239.SZ,20131115,10.8,11.16,10.7,11.06,10.98,0.08,0.73,67051.56,73624.1244,002239.SZ,1.528
1332,002239.SZ,20131118,11.0,11.34,10.95,11.25,11.06,0.19,1.72,60952.08,67919.3279,002239.SZ,1.528
1333,002239.SZ,20131119,11.26,11.28,11.02,11.18,11.25,-0.07,-0.62,43902.92,48958.9383,002239.SZ,1.528
1334,002239.SZ,20131120,11.13,11.34,11.12,11.3,11.18,0.12,1.07,45970.58,51634.1447,002239.SZ,1.528
1335,002239.SZ,20131121,11.26,11.26,10.93,11.19,11.3,-0.11,-0.97,66618.88,73758.0441,002239.SZ,1.528
1336,002239.SZ,20131122,11.23,11.26,11.0,11.05,11.19,-0.14,-1.25,56487.9,62780.3327,002239.SZ,1.528
1337,002239.SZ,20131125,10.91,11.1,10.88,10.97,11.05,-0.08,-0.72,36596.19,40239.9458,002239.SZ,1.528
1338,002239.SZ,20131126,10.95,11.37,10.91,11.31,10.97,0.34,3.1,68458.87,76936.8954,002239.SZ,1.528
1339,002239.SZ,20131127,11.34,11.87,11.31,11.55,11.31,0.24,2.12,86716.54,100961.7572,002239.SZ,1.528
1340,002239.SZ,20131128,11.55,11.56,11.23,11.37,11.55,-0.18,-1.56,106705.41,121007.9503,002239.SZ,1.528
1341,002239.SZ,20131129,11.36,11.5,11.22,11.31,11.37,-0.06,-0.53,74932.5,84881.7485,002239.SZ,1.528
1342,002239.SZ,20131202,11.0,11.0,10.18,10.25,11.31,-1.06,-9.37,97137.76,102501.259,002239.SZ,1.528
1343,002239.SZ,20131203,10.2,10.41,10.02,10.39,10.25,0.14,1.37,57211.68,58804.6293,002239.SZ,1.528
1344,002239.SZ,20131204,10.31,10.65,10.26,10.65,10.39,0.26,2.5,64291.89,67699.4132,002239.SZ,1.528
1345,002239.SZ,20131205,10.61,10.66,10.36,10.47,10.65,-0.18,-1.69,58919.27,61726.6685,002239.SZ,1.528
1346,002239.SZ,20131206,10.5,10.5,10.22,10.3,10.47,-0.17,-1.62,55765.2,57628.3896,002239.SZ,1.528
1347,002239.SZ,20131209,10.33,10.54,10.28,10.54,10.3,0.24,2.33,54218.15,56375.5216,002239.SZ,1.528
1348,002239.SZ,20131210,10.51,10.7,10.51,10.58,10.54,0.04,0.38,60866.78,64539.9308,002239.SZ,1.528
1349,002239.SZ,20131211,10.57,10.75,10.33,10.49,10.58,-0.09,-0.85,54208.56,57242.5962,002239.SZ,1.528
1350,002239.SZ,20131212,10.54,10.71,10.51,10.62,10.49,0.13,1.24,46880.57,49789.958,002239.SZ,1.528
1351,002239.SZ,20131213,10.58,10.87,10.48,10.84,10.62,0.22,2.07,54513.02,58594.925,002239.SZ,1.528
1352,002239.SZ,20131216,10.97,11.0,10.71,10.73,10.84,-0.11,-1.01,43092.58,46697.1013,002239.SZ,1.528
1353,002239.SZ,20131217,10.74,11.53,10.73,11.29,10.73,0.56,5.22,113477.65,126570.3439,002239.SZ,1.528
1354,002239.SZ,20131218,11.31,11.8,11.2,11.79,11.29,0.5,4.43,135375.53,156655.6748,002239.SZ,1.528
1355,002239.SZ,20131219,11.75,11.76,11.36,11.4,11.79,-0.39,-3.31,67575.01,78006.5183,002239.SZ,1.528
1356,002239.SZ,20131220,11.36,11.49,10.95,11.17,11.4,-0.23,-2.02,48318.76,54096.8366,002239.SZ,1.528
1357,002239.SZ,20131223,11.23,11.99,11.18,11.78,11.17,0.61,5.46,86541.53,100901.6147,002239.SZ,1.528
1358,002239.SZ,20131224,11.77,11.9,11.6,11.74,11.78,-0.04,-0.34,57280.87,67259.2427,002239.SZ,1.528
1359,002239.SZ,20131225,11.7,11.79,11.3,11.59,11.74,-0.15,-1.28,73791.66,85271.3521,002239.SZ,1.528
1360,002239.SZ,20131226,11.6,12.29,11.6,12.1,11.59,0.51,4.4,116315.91,140186.6074,002239.SZ,1.528
1361,002239.SZ,20131227,12.1,12.87,11.88,12.38,12.1,0.28,2.31,137760.33,171793.5296,002239.SZ,1.528
1362,002239.SZ,20131230,12.44,13.1,12.28,12.94,12.38,0.56,4.52,122543.42,157366.3149,002239.SZ,1.528
1363,002239.SZ,20131231,12.63,12.83,12.36,12.56,12.94,-0.38,-2.94,94266.1,118464.1527,002239.SZ,1.528
1364,002239.SZ,20140102,12.4,13.09,12.31,12.9,12.56,0.34,2.71,125953.69,161787.844,002239.SZ,1.528
1365,002239.SZ,20140103,13.89,14.19,13.01,13.7,12.9,0.8,6.2,465853.88,639387.3014,002239.SZ,1.528
1366,002239.SZ,20140106,13.42,13.87,12.45,12.68,13.7,-1.02,-7.45,246471.76,324368.016,002239.SZ,1.528
1367,002239.SZ,20140107,12.5,12.79,12.18,12.29,12.68,-0.39,-3.08,133859.11,166084.9534,002239.SZ,1.528
1368,002239.SZ,20140108,12.33,12.58,11.94,12.33,12.29,0.04,0.33,163412.79,200257.3943,002239.SZ,1.528
1369,002239.SZ,20140109,12.16,12.32,11.57,11.57,12.33,-0.76,-6.16,127225.97,152896.9547,002239.SZ,1.528
1370,002239.SZ,20140110,11.47,11.69,11.36,11.62,11.57,0.05,0.43,74987.7,86461.5973,002239.SZ,1.528
1371,002239.SZ,20140113,11.51,11.89,11.4,11.78,11.62,0.16,1.38,108230.37,126608.2384,002239.SZ,1.528
1372,002239.SZ,20140114,11.82,12.08,11.73,12.07,11.78,0.29,2.46,118704.08,141071.238,002239.SZ,1.528
1373,002239.SZ,20140115,12.0,12.16,11.97,12.14,12.07,0.07,0.58,111752.09,135071.0914,002239.SZ,1.528
1374,002239.SZ,20140116,12.08,12.43,12.08,12.37,12.14,0.23,1.89,99436.01,121885.5483,002239.SZ,1.528
1375,002239.SZ,20140117,12.2,12.38,12.11,12.29,12.37,-0.08,-0.65,61330.38,75154.5864,002239.SZ,1.528
1376,002239.SZ,20140120,12.21,12.4,12.13,12.26,12.29,-0.03,-0.24,38191.35,46816.6671,002239.SZ,1.528
1377,002239.SZ,20140121,12.28,12.56,12.15,12.56,12.26,0.3,2.45,68716.88,85150.8449,002239.SZ,1.528
1378,002239.SZ,20140122,12.52,12.84,12.44,12.63,12.56,0.07,0.56,86772.22,109780.9447,002239.SZ,1.528
1379,002239.SZ,20140123,12.56,13.06,12.5,12.71,12.63,0.08,0.63,119328.81,152984.1422,002239.SZ,1.528
1380,002239.SZ,20140124,12.8,12.86,12.55,12.7,12.71,-0.01,-0.08,126324.84,160128.741,002239.SZ,1.528
1381,002239.SZ,20140127,12.61,12.95,12.51,12.71,12.7,0.01,0.08,81643.3,104074.3276,002239.SZ,1.528
1382,002239.SZ,20140128,12.73,12.84,12.35,12.48,12.71,-0.23,-1.81,54989.29,68877.5005,002239.SZ,1.528
1383,002239.SZ,20140129,12.63,13.1,12.45,13.01,12.48,0.53,4.25,103773.18,133112.0587,002239.SZ,1.528
1384,002239.SZ,20140130,12.78,13.01,12.71,12.88,13.01,-0.13,-1.0,60759.56,78162.7984,002239.SZ,1.528
1385,002239.SZ,20140207,12.7,12.9,12.43,12.88,12.88,0.0,0.0,71812.91,91007.7431,002239.SZ,1.528
1386,002239.SZ,20140210,12.88,12.88,12.88,12.88,12.88,0.0,0.0,0.0,0.0,002239.SZ,1.528
1387,002239.SZ,20140211,12.88,12.88,12.88,12.88,12.88,0.0,0.0,0.0,0.0,002239.SZ,1.528
1388,002239.SZ,20140212,12.88,12.88,12.88,12.88,12.88,0.0,0.0,0.0,0.0,002239.SZ,1.528
1389,002239.SZ,20140213,12.88,12.88,12.88,12.88,12.88,0.0,0.0,0.0,0.0,002239.SZ,1.528
1390,002239.SZ,20140214,12.88,12.88,12.88,12.88,12.88,0.0,0.0,0.0,0.0,002239.SZ,1.528
1391,002239.SZ,20140217,12.88,12.88,12.88,12.88,12.88,0.0,0.0,0.0,0.0,002239.SZ,1.528
1392,002239.SZ,20140218,12.88,12.88,12.88,12.88,12.88,0.0,0.0,0.0,0.0,002239.SZ,1.528
1393,002239.SZ,20140219,12.88,12.88,12.88,12.88,12.88,0.0,0.0,0.0,0.0,002239.SZ,1.528
1394,002239.SZ,20140220,12.88,12.88,12.88,12.88,12.88,0.0,0.0,0.0,0.0,002239.SZ,1.528
1395,002239.SZ,20140221,12.88,12.88,12.88,12.88,12.88,0.0,0.0,0.0,0.0,002239.SZ,1.528
1396,002239.SZ,20140224,12.88,12.88,12.88,12.88,12.88,0.0,0.0,0.0,0.0,002239.SZ,1.528
1397,002239.SZ,20140225,12.88,12.88,12.88,12.88,12.88,0.0,0.0,0.0,0.0,002239.SZ,1.528
1398,002239.SZ,20140226,12.88,12.88,12.88,12.88,12.88,0.0,0.0,0.0,0.0,002239.SZ,1.528
1399,002239.SZ,20140227,11.8,12.17,11.59,11.59,12.88,-1.29,-10.02,360372.52,421453.5666,002239.SZ,1.528
1400,002239.SZ,20140228,11.05,11.1,10.5,10.68,11.59,-0.91,-7.85,194985.68,210173.7348,002239.SZ,1.528
1401,002239.SZ,20140303,10.62,10.9,10.55,10.82,10.68,0.14,1.31,113157.83,121721.373,002239.SZ,1.528
1402,002239.SZ,20140304,10.8,10.8,10.56,10.72,10.82,-0.1,-0.92,88174.56,94221.5168,002239.SZ,1.528
1403,002239.SZ,20140305,10.75,11.17,10.63,10.98,10.72,0.26,2.43,120488.35,131868.1362,002239.SZ,1.528
1404,002239.SZ,20140306,11.0,11.5,10.83,11.36,10.98,0.38,3.46,128007.03,143150.8774,002239.SZ,1.528
1405,002239.SZ,20140307,11.37,11.49,11.09,11.18,11.36,-0.18,-1.58,81570.05,91800.3309,002239.SZ,1.528
1406,002239.SZ,20140310,11.18,11.18,10.56,10.62,11.18,-0.56,-5.01,72904.18,79140.6837,002239.SZ,1.528
1407,002239.SZ,20140311,10.58,10.97,10.55,10.93,10.62,0.31,2.92,60654.76,65422.6648,002239.SZ,1.528
1408,002239.SZ,20140312,10.83,11.46,10.63,11.33,10.93,0.4,3.66,94652.35,104827.7528,002239.SZ,1.528
1409,002239.SZ,20140313,11.22,11.29,10.92,11.12,11.33,-0.21,-1.85,73648.99,81683.1568,002239.SZ,1.528
1410,002239.SZ,20140314,11.02,11.21,10.95,11.0,11.12,-0.12,-1.08,34453.68,38142.5592,002239.SZ,1.528
1411,002239.SZ,20140317,11.02,11.24,10.9,11.21,11.0,0.21,1.91,50354.95,56177.0898,002239.SZ,1.528
1412,002239.SZ,20140318,11.28,11.37,11.16,11.2,11.21,-0.01,-0.09,63851.83,71920.5399,002239.SZ,1.528
1413,002239.SZ,20140319,11.23,11.23,10.97,11.15,11.2,-0.05,-0.45,51753.68,57406.8816,002239.SZ,1.528
1414,002239.SZ,20140320,11.1,11.2,10.79,10.79,11.15,-0.36,-3.23,54593.18,60068.4355,002239.SZ,1.528
1415,002239.SZ,20140321,10.73,10.99,10.65,10.96,10.79,0.17,1.58,44597.02,48232.6062,002239.SZ,1.528
1416,002239.SZ,20140324,10.88,11.09,10.86,10.96,10.96,0.0,0.0,39673.33,43623.4095,002239.SZ,1.528
1417,002239.SZ,20140325,10.99,11.07,10.9,11.0,10.96,0.04,0.37,37155.3,40842.781,002239.SZ,1.528
1418,002239.SZ,20140326,10.97,11.22,10.97,11.16,11.0,0.16,1.45,62905.18,70029.3092,002239.SZ,1.528
1419,002239.SZ,20140327,11.16,11.17,10.8,10.85,11.16,-0.31,-2.78,64389.47,70733.7136,002239.SZ,1.528
1420,002239.SZ,20140328,10.85,11.15,10.37,10.42,10.85,-0.43,-3.96,68014.02,72745.3659,002239.SZ,1.528
1421,002239.SZ,20140331,10.4,10.52,10.15,10.22,10.42,-0.2,-1.92,40588.37,41713.4951,002239.SZ,1.528
1422,002239.SZ,20140401,10.15,10.57,10.15,10.52,10.22,0.3,2.94,37758.02,39340.2255,002239.SZ,1.528
1423,002239.SZ,20140402,10.5,10.55,10.36,10.38,10.52,-0.14,-1.33,26546.92,27659.3237,002239.SZ,1.528
1424,002239.SZ,20140403,10.4,10.58,10.37,10.46,10.38,0.08,0.77,24096.17,25224.0715,002239.SZ,1.528
1425,002239.SZ,20140404,10.42,10.6,10.41,10.58,10.46,0.12,1.15,24478.74,25710.5602,002239.SZ,1.528
1426,002239.SZ,20140408,10.53,10.72,10.45,10.7,10.58,0.12,1.13,27970.9,29748.3929,002239.SZ,1.528
1427,002239.SZ,20140409,10.65,10.87,10.65,10.86,10.7,0.16,1.5,36126.14,38988.3859,002239.SZ,1.528
1428,002239.SZ,20140410,10.9,10.95,10.78,10.84,10.86,-0.02,-0.18,37454.14,40751.048,002239.SZ,1.528
1429,002239.SZ,20140411,10.86,11.05,10.82,10.91,10.84,0.07,0.65,37233.64,40689.3092,002239.SZ,1.528
1430,002239.SZ,20140414,10.71,10.78,10.62,10.75,10.91,-0.16,-1.47,49011.57,52386.539,002239.SZ,1.528
1431,002239.SZ,20140415,10.73,10.73,10.53,10.58,10.75,-0.17,-1.58,40170.52,42662.4919,002239.SZ,1.528
1432,002239.SZ,20140416,10.58,10.72,10.5,10.65,10.58,0.07,0.66,28053.89,29769.0513,002239.SZ,1.528
1433,002239.SZ,20140417,10.63,10.69,10.59,10.67,10.65,0.02,0.19,27378.07,29133.7902,002239.SZ,1.528
1434,002239.SZ,20140418,10.58,10.66,10.58,10.65,10.67,-0.02,-0.19,21305.79,22641.3026,002239.SZ,1.528
1435,002239.SZ,20140421,10.58,10.83,10.48,10.77,10.65,0.12,1.13,66318.21,70708.7652,002239.SZ,1.528
1436,002239.SZ,20140422,10.68,11.05,10.68,11.03,10.77,0.26,2.41,89985.31,98024.2528,002239.SZ,1.528
1437,002239.SZ,20140423,10.98,11.2,10.92,11.01,11.03,-0.02,-0.18,104522.41,115623.4659,002239.SZ,1.528
1438,002239.SZ,20140424,10.93,11.0,10.73,10.97,11.01,-0.04,-0.36,52439.01,56752.4088,002239.SZ,1.528
1439,002239.SZ,20140425,10.9,11.25,10.87,11.09,10.97,0.12,1.09,131649.14,146352.8691,002239.SZ,1.528
1440,002239.SZ,20140428,10.98,10.98,9.98,9.98,11.09,-1.11,-10.01,97731.59,99382.6973,002239.SZ,1.528
1441,002239.SZ,20140429,9.88,10.16,9.7,10.08,9.98,0.1,1.0,54102.34,53566.5417,002239.SZ,1.528
1442,002239.SZ,20140430,10.05,10.46,10.0,10.42,10.08,0.34,3.37,99538.79,102379.465,002239.SZ,1.528
1443,002239.SZ,20140505,10.24,10.34,10.06,10.24,10.42,-0.18,-1.73,68135.27,69619.7893,002239.SZ,1.528
1444,002239.SZ,20140506,10.2,10.27,10.16,10.16,10.24,-0.08,-0.78,47118.17,48020.9118,002239.SZ,1.528
1445,002239.SZ,20140507,10.13,10.15,9.75,9.75,10.16,-0.41,-4.04,41243.56,41037.6836,002239.SZ,1.528
1446,002239.SZ,20140508,9.75,9.92,9.58,9.64,9.75,-0.11,-1.13,36772.9,36053.2609,002239.SZ,1.528
1447,002239.SZ,20140509,9.67,9.74,9.36,9.44,9.64,-0.2,-2.07,37958.7,36105.0746,002239.SZ,1.528
1448,002239.SZ,20140512,9.5,9.68,9.42,9.65,9.44,0.21,2.22,34239.52,32779.8317,002239.SZ,1.528
1449,002239.SZ,20140513,9.66,9.74,9.63,9.66,9.65,0.01,0.1,22860.73,22140.1219,002239.SZ,1.528
1450,002239.SZ,20140514,9.71,9.96,9.62,9.8,9.66,0.14,1.45,35281.25,34546.3866,002239.SZ,1.528
1451,002239.SZ,20140515,9.76,9.76,9.42,9.46,9.8,-0.34,-3.47,30974.5,29671.3282,002239.SZ,1.528
1452,002239.SZ,20140516,9.42,9.57,9.38,9.57,9.46,0.11,1.16,20465.18,19393.9146,002239.SZ,1.528
1453,002239.SZ,20140519,9.5,9.56,9.37,9.47,9.57,-0.1,-1.04,17176.36,16271.9106,002239.SZ,1.528
1454,002239.SZ,20140520,9.54,9.62,9.49,9.53,9.47,0.06,0.63,15434.05,14728.4934,002239.SZ,1.528
1455,002239.SZ,20140521,9.55,9.58,9.37,9.57,9.53,0.04,0.42,15725.46,14939.9184,002239.SZ,1.528
1456,002239.SZ,20140522,9.59,9.78,9.55,9.68,9.57,0.11,1.15,31207.68,30254.1575,002239.SZ,1.528
1457,002239.SZ,20140523,9.68,9.87,9.62,9.87,9.68,0.19,1.96,29656.49,28950.2324,002239.SZ,1.528
1458,002239.SZ,20140526,9.8,9.88,9.77,9.85,9.87,-0.02,-0.2,23445.26,23015.6689,002239.SZ,1.528
1459,002239.SZ,20140527,9.84,10.08,9.81,9.9,9.85,0.05,0.51,36661.83,36488.4553,002239.SZ,1.528
1460,002239.SZ,20140528,9.91,9.93,9.76,9.89,9.9,-0.01,-0.1,25788.19,25424.5696,002239.SZ,1.528
1461,002239.SZ,20140529,9.87,10.04,9.75,9.78,9.89,-0.11,-1.11,27923.39,27637.5578,002239.SZ,1.528
1462,002239.SZ,20140530,9.79,9.82,9.57,9.65,9.78,-0.13,-1.33,23833.61,23045.19,002239.SZ,1.528
1463,002239.SZ,20140603,9.68,9.97,9.64,9.95,9.65,0.3,3.11,47972.01,47232.3986,002239.SZ,1.528
1464,002239.SZ,20140604,9.93,10.19,9.82,10.1,9.95,0.15,1.51,56067.47,55862.636,002239.SZ,1.528
1465,002239.SZ,20140605,10.0,10.08,9.82,10.0,10.1,-0.1,-0.99,50946.2,50672.4002,002239.SZ,1.528
1466,002239.SZ,20140606,10.14,10.35,10.06,10.09,10.0,0.09,0.9,56138.75,57179.8902,002239.SZ,1.528
1467,002239.SZ,20140609,10.02,10.29,9.98,10.18,10.09,0.09,0.89,35529.74,36089.8498,002239.SZ,1.528
1468,002239.SZ,20140610,10.08,10.27,10.02,10.24,10.18,0.06,0.59,33351.42,33899.9284,002239.SZ,1.528
1469,002239.SZ,20140611,10.19,10.25,10.11,10.18,10.24,-0.06,-0.59,29802.45,30346.3632,002239.SZ,1.528
1470,002239.SZ,20140612,10.2,10.23,10.0,10.05,10.18,-0.13,-1.28,35976.91,36319.6831,002239.SZ,1.528
1471,002239.SZ,20140613,10.14,11.06,10.13,11.06,10.05,1.01,10.05,123503.52,132873.2697,002239.SZ,1.528
1472,002239.SZ,20140616,11.06,11.22,10.83,11.15,11.06,0.09,0.81,142313.87,157056.2235,002239.SZ,1.528
1473,002239.SZ,20140617,11.1,11.48,10.93,11.29,11.15,0.14,1.26,123849.1,138868.8247,002239.SZ,1.528
1474,002239.SZ,20140618,11.21,11.47,11.03,11.21,11.29,-0.08,-0.71,78323.69,87683.5948,002239.SZ,1.528
1475,002239.SZ,20140619,11.17,11.26,10.51,10.71,11.21,-0.5,-4.46,66876.68,72833.2754,002239.SZ,1.528
1476,002239.SZ,20140620,10.76,11.26,10.72,11.16,10.71,0.45,4.2,72034.26,79860.8988,002239.SZ,1.528
1477,002239.SZ,20140623,11.0,11.26,10.92,11.04,11.16,-0.12,-1.08,70771.06,78634.007,002239.SZ,1.528
1478,002239.SZ,20140624,11.03,11.2,10.91,11.16,11.04,0.12,1.09,50339.06,55730.0408,002239.SZ,1.528
1479,002239.SZ,20140625,11.1,11.25,11.02,11.13,11.16,-0.03,-0.27,42291.97,47106.4386,002239.SZ,1.528
1480,002239.SZ,20140626,11.14,11.37,11.14,11.22,11.13,0.09,0.81,66220.77,74392.5516,002239.SZ,1.528
1481,002239.SZ,20140627,11.3,11.77,11.23,11.56,11.22,0.34,3.03,102031.33,118069.8493,002239.SZ,1.528
1482,002239.SZ,20140630,11.47,11.53,11.25,11.44,11.56,-0.12,-1.04,62164.92,70666.6738,002239.SZ,1.528
1483,002239.SZ,20140701,11.37,11.47,11.27,11.37,11.44,-0.07,-0.61,36923.42,41904.1083,002239.SZ,1.528
1484,002239.SZ,20140702,11.37,11.45,11.21,11.32,11.37,-0.05,-0.44,46661.84,52821.8119,002239.SZ,1.528
1485,002239.SZ,20140703,11.3,11.55,11.25,11.42,11.32,0.1,0.88,45244.38,51591.6971,002239.SZ,1.528
1486,002239.SZ,20140704,11.45,11.46,11.28,11.39,11.42,-0.03,-0.26,36119.56,41021.362,002239.SZ,1.528
1487,002239.SZ,20140707,11.35,11.43,11.03,11.06,11.39,-0.33,-2.9,61231.67,68312.8518,002239.SZ,1.528
1488,002239.SZ,20140708,11.1,11.18,11.01,11.18,11.06,0.12,1.09,44710.32,49637.9811,002239.SZ,1.528
1489,002239.SZ,20140709,11.15,11.18,10.83,10.84,11.18,-0.34,-3.04,44062.91,48569.6016,002239.SZ,1.528
1490,002239.SZ,20140710,10.85,11.07,10.85,11.03,10.84,0.19,1.75,29975.55,32864.9469,002239.SZ,1.528
1491,002239.SZ,20140711,11.25,11.35,10.95,11.02,11.03,-0.01,-0.09,80521.23,89919.3688,002239.SZ,1.528
1492,002239.SZ,20140714,10.93,11.05,10.76,11.05,11.02,0.03,0.27,51636.72,56276.1962,002239.SZ,1.528
1493,002239.SZ,20140715,11.06,11.16,10.92,11.03,11.05,-0.02,-0.18,38981.04,43076.5146,002239.SZ,1.528
1494,002239.SZ,20140716,11.03,11.09,10.8,10.84,11.03,-0.19,-1.72,34046.59,37071.5796,002239.SZ,1.528
1495,002239.SZ,20140717,10.8,10.89,10.58,10.67,10.84,-0.17,-1.57,52017.61,55678.7924,002239.SZ,1.528
1496,002239.SZ,20140718,5.1,5.18,4.99,5.02,5.07,-0.05,-0.99,81348.3,41254.8909,002239.SZ,3.215
1497,002239.SZ,20140721,5.02,5.02,5.02,5.02,5.02,0.0,0.0,0.0,0.0,002239.SZ,3.215
1498,002239.SZ,20140722,5.02,5.02,5.02,5.02,5.02,0.0,0.0,0.0,0.0,002239.SZ,3.215
1499,002239.SZ,20140723,5.02,5.02,5.02,5.02,5.02,0.0,0.0,0.0,0.0,002239.SZ,3.215
1500,002239.SZ,20140724,5.02,5.02,5.02,5.02,5.02,0.0,0.0,0.0,0.0,002239.SZ,3.215
1501,002239.SZ,20140725,5.02,5.02,5.02,5.02,5.02,0.0,0.0,0.0,0.0,002239.SZ,3.215
1502,002239.SZ,20140728,5.02,5.02,5.02,5.02,5.02,0.0,0.0,0.0,0.0,002239.SZ,3.215
1503,002239.SZ,20140729,5.02,5.02,5.02,5.02,5.02,0.0,0.0,0.0,0.0,002239.SZ,3.215
1504,002239.SZ,20140730,5.02,5.02,5.02,5.02,5.02,0.0,0.0,0.0,0.0,002239.SZ,3.215
1505,002239.SZ,20140731,5.02,5.02,5.02,5.02,5.02,0.0,0.0,0.0,0.0,002239.SZ,3.215
1506,002239.SZ,20140801,5.02,5.02,5.02,5.02,5.02,0.0,0.0,0.0,0.0,002239.SZ,3.215
1507,002239.SZ,20140804,5.02,5.02,5.02,5.02,5.02,0.0,0.0,0.0,0.0,002239.SZ,3.215
1508,002239.SZ,20140805,5.02,5.02,5.02,5.02,5.02,0.0,0.0,0.0,0.0,002239.SZ,3.215
1509,002239.SZ,20140806,5.02,5.02,5.02,5.02,5.02,0.0,0.0,0.0,0.0,002239.SZ,3.215
1510,002239.SZ,20140807,5.02,5.02,5.02,5.02,5.02,0.0,0.0,0.0,0.0,002239.SZ,3.215
1511,002239.SZ,20140808,5.02,5.02,5.02,5.02,5.02,0.0,0.0,0.0,0.0,002239.SZ,3.215
1512,002239.SZ,20140811,5.02,5.02,5.02,5.02,5.02,0.0,0.0,0.0,0.0,002239.SZ,3.215
1513,002239.SZ,20140812,5.02,5.02,5.02,5.02,5.02,0.0,0.0,0.0,0.0,002239.SZ,3.215
1514,002239.SZ,20140813,5.02,5.02,5.02,5.02,5.02,0.0,0.0,0.0,0.0,002239.SZ,3.215
1515,002239.SZ,20140814,5.02,5.02,5.02,5.02,5.02,0.0,0.0,0.0,0.0,002239.SZ,3.215
1516,002239.SZ,20140815,5.02,5.02,5.02,5.02,5.02,0.0,0.0,0.0,0.0,002239.SZ,3.215
1517,002239.SZ,20140818,5.02,5.02,5.02,5.02,5.02,0.0,0.0,0.0,0.0,002239.SZ,3.215
1518,002239.SZ,20140819,5.02,5.02,5.02,5.02,5.02,0.0,0.0,0.0,0.0,002239.SZ,3.215
1519,002239.SZ,20140820,5.02,5.02,5.02,5.02,5.02,0.0,0.0,0.0,0.0,002239.SZ,3.215
1520,002239.SZ,20140821,5.02,5.02,5.02,5.02,5.02,0.0,0.0,0.0,0.0,002239.SZ,3.215
1521,002239.SZ,20140822,5.02,5.02,5.02,5.02,5.02,0.0,0.0,0.0,0.0,002239.SZ,3.215
1522,002239.SZ,20140825,5.02,5.02,5.02,5.02,5.02,0.0,0.0,0.0,0.0,002239.SZ,3.215
1523,002239.SZ,20140826,5.02,5.02,5.02,5.02,5.02,0.0,0.0,0.0,0.0,002239.SZ,3.215
1524,002239.SZ,20140827,5.02,5.02,5.02,5.02,5.02,0.0,0.0,0.0,0.0,002239.SZ,3.215
1525,002239.SZ,20140828,5.02,5.02,5.02,5.02,5.02,0.0,0.0,0.0,0.0,002239.SZ,3.215
1526,002239.SZ,20140829,5.02,5.02,5.02,5.02,5.02,0.0,0.0,0.0,0.0,002239.SZ,3.215
1527,002239.SZ,20140901,5.02,5.02,5.02,5.02,5.02,0.0,0.0,0.0,0.0,002239.SZ,3.215
1528,002239.SZ,20140902,5.02,5.02,5.02,5.02,5.02,0.0,0.0,0.0,0.0,002239.SZ,3.215
1529,002239.SZ,20140903,5.02,5.02,5.02,5.02,5.02,0.0,0.0,0.0,0.0,002239.SZ,3.215
1530,002239.SZ,20140904,5.02,5.02,5.02,5.02,5.02,0.0,0.0,0.0,0.0,002239.SZ,3.215
1531,002239.SZ,20140905,5.02,5.02,5.02,5.02,5.02,0.0,0.0,0.0,0.0,002239.SZ,3.215
1532,002239.SZ,20140909,5.02,5.02,5.02,5.02,5.02,0.0,0.0,0.0,0.0,002239.SZ,3.215
1533,002239.SZ,20140910,5.02,5.02,5.02,5.02,5.02,0.0,0.0,0.0,0.0,002239.SZ,3.215
1534,002239.SZ,20140911,5.02,5.02,5.02,5.02,5.02,0.0,0.0,0.0,0.0,002239.SZ,3.215
1535,002239.SZ,20140912,5.02,5.02,5.02,5.02,5.02,0.0,0.0,0.0,0.0,002239.SZ,3.215
1536,002239.SZ,20140915,5.02,5.02,5.02,5.02,5.02,0.0,0.0,0.0,0.0,002239.SZ,3.215
1537,002239.SZ,20140916,5.02,5.02,5.02,5.02,5.02,0.0,0.0,0.0,0.0,002239.SZ,3.215
1538,002239.SZ,20140917,5.02,5.02,5.02,5.02,5.02,0.0,0.0,0.0,0.0,002239.SZ,3.215
1539,002239.SZ,20140918,5.02,5.02,5.02,5.02,5.02,0.0,0.0,0.0,0.0,002239.SZ,3.215
1540,002239.SZ,20140919,5.02,5.02,5.02,5.02,5.02,0.0,0.0,0.0,0.0,002239.SZ,3.215
1541,002239.SZ,20140922,5.02,5.02,5.02,5.02,5.02,0.0,0.0,0.0,0.0,002239.SZ,3.215
1542,002239.SZ,20140923,5.02,5.02,5.02,5.02,5.02,0.0,0.0,0.0,0.0,002239.SZ,3.215
1543,002239.SZ,20140924,5.02,5.02,5.02,5.02,5.02,0.0,0.0,0.0,0.0,002239.SZ,3.215
1544,002239.SZ,20140925,5.02,5.02,5.02,5.02,5.02,0.0,0.0,0.0,0.0,002239.SZ,3.215
1545,002239.SZ,20140926,5.02,5.02,5.02,5.02,5.02,0.0,0.0,0.0,0.0,002239.SZ,3.215
1546,002239.SZ,20140929,5.02,5.02,5.02,5.02,5.02,0.0,0.0,0.0,0.0,002239.SZ,3.215
1547,002239.SZ,20140930,5.02,5.02,5.02,5.02,5.02,0.0,0.0,0.0,0.0,002239.SZ,3.215
1548,002239.SZ,20141008,5.02,5.02,5.02,5.02,5.02,0.0,0.0,0.0,0.0,002239.SZ,3.215
1549,002239.SZ,20141009,5.02,5.02,5.02,5.02,5.02,0.0,0.0,0.0,0.0,002239.SZ,3.215
1550,002239.SZ,20141010,5.02,5.02,5.02,5.02,5.02,0.0,0.0,0.0,0.0,002239.SZ,3.215
1551,002239.SZ,20141013,5.02,5.02,5.02,5.02,5.02,0.0,0.0,0.0,0.0,002239.SZ,3.215
1552,002239.SZ,20141014,5.02,5.02,5.02,5.02,5.02,0.0,0.0,0.0,0.0,002239.SZ,3.215
1553,002239.SZ,20141015,5.02,5.02,5.02,5.02,5.02,0.0,0.0,0.0,0.0,002239.SZ,3.215
1554,002239.SZ,20141016,5.02,5.02,5.02,5.02,5.02,0.0,0.0,0.0,0.0,002239.SZ,3.215
1555,002239.SZ,20141017,5.02,5.02,5.02,5.02,5.02,0.0,0.0,0.0,0.0,002239.SZ,3.215
1556,002239.SZ,20141020,5.02,5.02,5.02,5.02,5.02,0.0,0.0,0.0,0.0,002239.SZ,3.215
1557,002239.SZ,20141021,5.02,5.02,5.02,5.02,5.02,0.0,0.0,0.0,0.0,002239.SZ,3.215
1558,002239.SZ,20141022,5.02,5.02,5.02,5.02,5.02,0.0,0.0,0.0,0.0,002239.SZ,3.215
1559,002239.SZ,20141023,5.02,5.02,5.02,5.02,5.02,0.0,0.0,0.0,0.0,002239.SZ,3.215
1560,002239.SZ,20141024,5.02,5.02,5.02,5.02,5.02,0.0,0.0,0.0,0.0,002239.SZ,3.215
1561,002239.SZ,20141027,5.02,5.02,5.02,5.02,5.02,0.0,0.0,0.0,0.0,002239.SZ,3.215
1562,002239.SZ,20141028,5.02,5.02,5.02,5.02,5.02,0.0,0.0,0.0,0.0,002239.SZ,3.215
1563,002239.SZ,20141029,5.02,5.02,5.02,5.02,5.02,0.0,0.0,0.0,0.0,002239.SZ,3.215
1564,002239.SZ,20141030,5.02,5.02,5.02,5.02,5.02,0.0,0.0,0.0,0.0,002239.SZ,3.215
1565,002239.SZ,20141031,5.02,5.02,5.02,5.02,5.02,0.0,0.0,0.0,0.0,002239.SZ,3.215
1566,002239.SZ,20141103,5.02,5.02,5.02,5.02,5.02,0.0,0.0,0.0,0.0,002239.SZ,3.215
1567,002239.SZ,20141104,5.02,5.02,5.02,5.02,5.02,0.0,0.0,0.0,0.0,002239.SZ,3.215
1568,002239.SZ,20141105,5.02,5.02,5.02,5.02,5.02,0.0,0.0,0.0,0.0,002239.SZ,3.215
1569,002239.SZ,20141106,5.02,5.02,5.02,5.02,5.02,0.0,0.0,0.0,0.0,002239.SZ,3.215
1570,002239.SZ,20141107,5.02,5.02,5.02,5.02,5.02,0.0,0.0,0.0,0.0,002239.SZ,3.215
1571,002239.SZ,20141110,5.02,5.02,5.02,5.02,5.02,0.0,0.0,0.0,0.0,002239.SZ,3.215
1572,002239.SZ,20141111,5.02,5.02,5.02,5.02,5.02,0.0,0.0,0.0,0.0,002239.SZ,3.215
1573,002239.SZ,20141112,5.02,5.02,5.02,5.02,5.02,0.0,0.0,0.0,0.0,002239.SZ,3.215
1574,002239.SZ,20141113,5.02,5.02,5.02,5.02,5.02,0.0,0.0,0.0,0.0,002239.SZ,3.215
1575,002239.SZ,20141114,5.02,5.02,5.02,5.02,5.02,0.0,0.0,0.0,0.0,002239.SZ,3.215
1576,002239.SZ,20141117,5.02,5.02,5.02,5.02,5.02,0.0,0.0,0.0,0.0,002239.SZ,3.215
1577,002239.SZ,20141118,5.02,5.02,5.02,5.02,5.02,0.0,0.0,0.0,0.0,002239.SZ,3.215
1578,002239.SZ,20141119,5.02,5.02,5.02,5.02,5.02,0.0,0.0,0.0,0.0,002239.SZ,3.215
1579,002239.SZ,20141120,5.02,5.02,5.02,5.02,5.02,0.0,0.0,0.0,0.0,002239.SZ,3.215
1580,002239.SZ,20141121,5.02,5.02,5.02,5.02,5.02,0.0,0.0,0.0,0.0,002239.SZ,3.215
1581,002239.SZ,20141124,5.02,5.02,5.02,5.02,5.02,0.0,0.0,0.0,0.0,002239.SZ,3.215
1582,002239.SZ,20141125,5.02,5.02,5.02,5.02,5.02,0.0,0.0,0.0,0.0,002239.SZ,3.215
1583,002239.SZ,20141126,5.02,5.02,5.02,5.02,5.02,0.0,0.0,0.0,0.0,002239.SZ,3.215
1584,002239.SZ,20141127,5.02,5.02,5.02,5.02,5.02,0.0,0.0,0.0,0.0,002239.SZ,3.215
1585,002239.SZ,20141128,5.02,5.02,5.02,5.02,5.02,0.0,0.0,0.0,0.0,002239.SZ,3.215
1586,002239.SZ,20141201,5.02,5.02,5.02,5.02,5.02,0.0,0.0,0.0,0.0,002239.SZ,3.215
1587,002239.SZ,20141202,5.02,5.02,5.02,5.02,5.02,0.0,0.0,0.0,0.0,002239.SZ,3.215
1588,002239.SZ,20141203,5.02,5.02,5.02,5.02,5.02,0.0,0.0,0.0,0.0,002239.SZ,3.215
1589,002239.SZ,20141204,5.02,5.02,5.02,5.02,5.02,0.0,0.0,0.0,0.0,002239.SZ,3.215
1590,002239.SZ,20141205,5.02,5.02,5.02,5.02,5.02,0.0,0.0,0.0,0.0,002239.SZ,3.215
1591,002239.SZ,20141208,5.02,5.02,5.02,5.02,5.02,0.0,0.0,0.0,0.0,002239.SZ,3.215
1592,002239.SZ,20141209,5.02,5.02,5.02,5.02,5.02,0.0,0.0,0.0,0.0,002239.SZ,3.215
1593,002239.SZ,20141210,5.02,5.02,5.02,5.02,5.02,0.0,0.0,0.0,0.0,002239.SZ,3.215
1594,002239.SZ,20141211,5.02,5.02,5.02,5.02,5.02,0.0,0.0,0.0,0.0,002239.SZ,3.215
1595,002239.SZ,20141212,5.02,5.02,5.02,5.02,5.02,0.0,0.0,0.0,0.0,002239.SZ,3.215
1596,002239.SZ,20141215,5.02,5.02,5.02,5.02,5.02,0.0,0.0,0.0,0.0,002239.SZ,3.215
1597,002239.SZ,20141216,5.02,5.02,5.02,5.02,5.02,0.0,0.0,0.0,0.0,002239.SZ,3.215
1598,002239.SZ,20141217,5.02,5.02,5.02,5.02,5.02,0.0,0.0,0.0,0.0,002239.SZ,3.215
1599,002239.SZ,20141218,5.02,5.02,5.02,5.02,5.02,0.0,0.0,0.0,0.0,002239.SZ,3.215
1600,002239.SZ,20141219,5.02,5.02,5.02,5.02,5.02,0.0,0.0,0.0,0.0,002239.SZ,3.215
1601,002239.SZ,20141222,5.52,5.52,5.52,5.52,5.02,0.5,9.96,3231.94,1784.0309,002239.SZ,3.215
1602,002239.SZ,20141223,6.07,6.07,6.07,6.07,5.52,0.55,9.96,4797.91,2912.3314,002239.SZ,3.215
1603,002239.SZ,20141224,6.68,6.68,6.2,6.68,6.07,0.61,10.05,804934.93,524621.1846,002239.SZ,3.215
1604,002239.SZ,20141225,6.7,7.35,6.68,7.35,6.68,0.67,10.03,560969.08,400794.5486,002239.SZ,3.215
1605,002239.SZ,20141226,7.69,7.85,7.0,7.05,7.35,-0.3,-4.08,809697.23,593924.9307,002239.SZ,3.215
1606,002239.SZ,20141229,6.88,6.9,6.47,6.59,7.05,-0.46,-6.52,396283.93,263982.0547,002239.SZ,3.215
1607,002239.SZ,20141230,6.52,6.75,6.31,6.38,6.59,-0.21,-3.19,305218.14,199507.4298,002239.SZ,3.215
1608,002239.SZ,20141231,6.35,6.45,6.22,6.37,6.38,-0.01,-0.16,232394.76,146922.6614,002239.SZ,3.215
1609,002239.SZ,20150105,6.41,6.46,6.08,6.26,6.37,-0.11,-1.73,246778.51,153356.3831,002239.SZ,3.215
1610,002239.SZ,20150106,6.22,6.32,6.15,6.3,6.26,0.04,0.64,222527.75,139072.2837,002239.SZ,3.215
1611,002239.SZ,20150107,6.3,6.34,6.2,6.28,6.3,-0.02,-0.32,165850.39,103675.7948,002239.SZ,3.215
1612,002239.SZ,20150108,6.3,6.3,6.03,6.11,6.28,-0.17,-2.71,174433.4,106744.2671,002239.SZ,3.215
1613,002239.SZ,20150109,6.13,6.21,6.01,6.03,6.11,-0.08,-1.31,128464.33,78819.3899,002239.SZ,3.215
1614,002239.SZ,20150112,6.03,6.21,6.02,6.18,6.03,0.15,2.49,153451.6,94234.0784,002239.SZ,3.215
1615,002239.SZ,20150113,6.16,6.17,6.08,6.11,6.18,-0.07,-1.13,102158.8,62454.0291,002239.SZ,3.215
1616,002239.SZ,20150114,6.11,6.16,5.73,5.81,6.11,-0.3,-4.91,197660.71,116877.9632,002239.SZ,3.215
1617,002239.SZ,20150115,5.76,6.08,5.76,6.05,5.81,0.24,4.13,175057.65,104183.1066,002239.SZ,3.215
1618,002239.SZ,20150116,6.1,6.3,6.1,6.23,6.05,0.18,2.98,201190.31,125264.8295,002239.SZ,3.215
1619,002239.SZ,20150119,6.15,6.46,6.08,6.23,6.23,0.0,0.0,249795.33,157405.736,002239.SZ,3.215
1620,002239.SZ,20150120,6.16,6.58,6.16,6.56,6.23,0.33,5.3,271152.49,172112.4718,002239.SZ,3.215
1621,002239.SZ,20150121,6.52,6.84,6.42,6.65,6.56,0.09,1.37,250144.06,165786.5951,002239.SZ,3.215
1622,002239.SZ,20150122,6.6,7.08,6.52,7.05,6.65,0.4,6.02,299920.83,204339.4924,002239.SZ,3.215
1623,002239.SZ,20150123,7.1,7.18,6.7,6.79,7.05,-0.26,-3.69,251637.1,173385.5996,002239.SZ,3.215
1624,002239.SZ,20150126,6.8,6.93,6.77,6.86,6.79,0.07,1.03,136263.83,93178.9961,002239.SZ,3.215
1625,002239.SZ,20150127,6.86,6.86,6.56,6.71,6.86,-0.15,-2.19,180173.25,120602.8075,002239.SZ,3.215
1626,002239.SZ,20150128,6.69,6.93,6.59,6.92,6.71,0.21,3.13,185560.68,125414.8315,002239.SZ,3.215
1627,002239.SZ,20150129,6.86,7.12,6.79,7.0,6.92,0.08,1.16,252562.51,176695.3439,002239.SZ,3.215
1628,002239.SZ,20150130,6.98,7.04,6.7,6.73,7.0,-0.27,-3.86,136034.69,93529.8146,002239.SZ,3.215
1629,002239.SZ,20150202,6.56,6.82,6.51,6.7,6.73,-0.03,-0.45,114712.94,76909.7114,002239.SZ,3.215
1630,002239.SZ,20150203,6.69,6.98,6.68,6.87,6.7,0.17,2.54,142990.87,98099.3588,002239.SZ,3.215
1631,002239.SZ,20150204,6.86,7.19,6.79,7.06,6.87,0.19,2.77,258342.08,181088.6511,002239.SZ,3.215
1632,002239.SZ,20150205,7.1,7.15,6.85,6.9,7.06,-0.16,-2.27,134104.82,93410.4069,002239.SZ,3.215
1633,002239.SZ,20150206,6.83,6.88,6.6,6.69,6.9,-0.21,-3.04,92264.68,62011.039,002239.SZ,3.215
1634,002239.SZ,20150209,6.68,6.72,6.53,6.53,6.69,-0.16,-2.39,80338.48,53109.0974,002239.SZ,3.215
1635,002239.SZ,20150210,6.53,6.66,6.53,6.58,6.53,0.05,0.77,44049.9,29011.0518,002239.SZ,3.215
1636,002239.SZ,20150211,6.58,6.65,6.5,6.55,6.58,-0.03,-0.46,58762.64,38563.3907,002239.SZ,3.215
1637,002239.SZ,20150212,6.55,6.59,6.3,6.5,6.55,-0.05,-0.76,129581.66,83036.2013,002239.SZ,3.215
1638,002239.SZ,20150213,6.46,7.06,6.42,6.85,6.5,0.35,5.38,167329.98,113595.3905,002239.SZ,3.215
1639,002239.SZ,20150216,6.87,7.05,6.77,6.99,6.85,0.14,2.04,125898.61,87680.2749,002239.SZ,3.215
1640,002239.SZ,20150217,6.99,7.03,6.82,6.9,6.99,-0.09,-1.29,92324.11,63629.1159,002239.SZ,3.215
1641,002239.SZ,20150225,6.9,7.59,6.9,7.59,6.9,0.69,10.0,275126.36,199706.5032,002239.SZ,3.215
1642,002239.SZ,20150226,7.59,7.66,7.41,7.54,7.59,-0.05,-0.66,232424.18,174912.9485,002239.SZ,3.215
1643,002239.SZ,20150227,7.52,8.28,7.36,8.06,7.54,0.52,6.9,307542.79,239598.8782,002239.SZ,3.215
1644,002239.SZ,20150302,8.06,8.6,7.9,8.3,8.06,0.24,2.98,272236.29,224827.1217,002239.SZ,3.215
1645,002239.SZ,20150303,8.28,8.48,7.99,8.05,8.3,-0.25,-3.01,208383.15,170757.868,002239.SZ,3.215
1646,002239.SZ,20150304,8.05,8.18,7.95,8.07,8.05,0.02,0.25,139447.1,111957.0612,002239.SZ,3.215
1647,002239.SZ,20150305,8.01,8.22,7.81,8.13,8.07,0.06,0.74,152670.02,121472.9889,002239.SZ,3.215
1648,002239.SZ,20150306,8.07,8.24,7.95,7.96,8.13,-0.17,-2.09,106398.45,85938.1767,002239.SZ,3.215
1649,002239.SZ,20150309,7.9,8.24,7.82,8.13,7.96,0.17,2.14,126286.12,101874.4799,002239.SZ,3.215
1650,002239.SZ,20150310,8.13,8.36,8.1,8.21,8.13,0.08,0.98,140848.47,116298.185,002239.SZ,3.215
1651,002239.SZ,20150311,8.2,8.4,8.13,8.17,8.21,-0.04,-0.49,114608.14,94061.9557,002239.SZ,3.215
1652,002239.SZ,20150312,8.13,8.19,7.88,7.95,8.17,-0.22,-2.69,128639.65,102443.769,002239.SZ,3.215
1653,002239.SZ,20150313,8.02,8.08,7.89,8.04,7.95,0.09,1.13,92388.8,73716.6577,002239.SZ,3.215
1654,002239.SZ,20150316,8.02,8.27,7.91,8.19,8.04,0.15,1.87,196204.54,158331.1449,002239.SZ,3.215
1655,002239.SZ,20150317,8.22,9.01,8.13,9.01,8.19,0.82,10.01,451991.66,391481.8317,002239.SZ,3.215
1656,002239.SZ,20150318,9.01,9.77,8.81,9.42,9.01,0.41,4.55,402105.2,370189.8158,002239.SZ,3.215
1657,002239.SZ,20150319,9.42,9.42,9.1,9.24,9.42,-0.18,-1.91,275707.0,254227.1687,002239.SZ,3.215
1658,002239.SZ,20150320,9.19,9.34,9.08,9.24,9.24,0.0,0.0,157931.9,145010.2913,002239.SZ,3.215
1659,002239.SZ,20150323,9.3,9.32,9.12,9.24,9.24,0.0,0.0,170693.49,157385.9427,002239.SZ,3.215
1660,002239.SZ,20150324,9.3,9.7,8.99,9.61,9.24,0.37,4.0,301662.09,283413.0944,002239.SZ,3.215
1661,002239.SZ,20150325,9.56,9.99,9.35,9.85,9.61,0.24,2.5,236578.5,229156.9898,002239.SZ,3.215
1662,002239.SZ,20150326,9.85,9.85,9.27,9.29,9.85,-0.56,-5.69,217859.87,207820.8949,002239.SZ,3.215
1663,002239.SZ,20150327,9.29,9.83,9.28,9.47,9.29,0.18,1.94,140146.48,134089.6717,002239.SZ,3.215
1664,002239.SZ,20150330,9.35,9.64,9.35,9.6,9.47,0.13,1.37,130951.94,124376.3809,002239.SZ,3.215
1665,002239.SZ,20150331,9.63,10.14,9.5,9.88,9.6,0.28,2.92,219055.08,214929.9381,002239.SZ,3.215
1666,002239.SZ,20150401,9.9,10.75,9.88,10.4,9.88,0.52,5.26,225523.53,233442.854,002239.SZ,3.215
1667,002239.SZ,20150402,10.4,10.4,10.4,10.4,10.4,0.0,0.0,0.0,0.0,002239.SZ,3.215
1668,002239.SZ,20150403,10.4,10.4,10.4,10.4,10.4,0.0,0.0,0.0,0.0,002239.SZ,3.215
1669,002239.SZ,20150407,10.4,10.4,10.4,10.4,10.4,0.0,0.0,0.0,0.0,002239.SZ,3.215
1670,002239.SZ,20150408,10.4,10.4,10.4,10.4,10.4,0.0,0.0,0.0,0.0,002239.SZ,3.215
1671,002239.SZ,20150409,10.4,10.4,10.4,10.4,10.4,0.0,0.0,0.0,0.0,002239.SZ,3.215
1672,002239.SZ,20150410,10.4,10.4,10.4,10.4,10.4,0.0,0.0,0.0,0.0,002239.SZ,3.215
1673,002239.SZ,20150413,10.4,10.4,10.4,10.4,10.4,0.0,0.0,0.0,0.0,002239.SZ,3.215
1674,002239.SZ,20150414,11.44,11.44,11.44,11.44,10.4,1.04,10.0,7796.31,8918.9786,002239.SZ,3.215
1675,002239.SZ,20150415,12.58,12.58,11.85,12.58,11.44,1.14,9.97,163485.76,202939.3095,002239.SZ,3.215
1676,002239.SZ,20150416,12.7,12.7,11.49,11.84,12.58,-0.74,-5.88,319996.57,385858.6034,002239.SZ,3.215
1677,002239.SZ,20150417,11.85,12.22,10.95,11.23,11.84,-0.61,-5.15,288644.64,330053.9435,002239.SZ,3.215
1678,002239.SZ,20150420,11.01,11.63,10.69,11.53,11.23,0.3,2.67,221706.89,246292.5326,002239.SZ,3.215
1679,002239.SZ,20150421,11.35,11.76,11.27,11.59,11.53,0.06,0.52,154415.89,177920.7612,002239.SZ,3.215
1680,002239.SZ,20150422,11.63,11.85,11.45,11.6,11.59,0.01,0.09,160802.19,187223.4228,002239.SZ,3.215
1681,002239.SZ,20150423,11.79,12.76,11.44,12.55,11.6,0.95,8.19,304644.03,369393.9819,002239.SZ,3.215
1682,002239.SZ,20150424,12.3,12.85,12.0,12.46,12.55,-0.09,-0.72,177129.78,221336.6847,002239.SZ,3.215
1683,002239.SZ,20150427,12.45,12.85,12.12,12.33,12.46,-0.13,-1.04,137626.66,170027.0054,002239.SZ,3.215
1684,002239.SZ,20150428,12.68,12.68,11.4,11.59,12.33,-0.74,-6.0,154298.69,182266.8471,002239.SZ,3.215
1685,002239.SZ,20150429,11.5,11.66,11.06,11.53,11.59,-0.06,-0.52,106242.83,120823.0492,002239.SZ,3.215
1686,002239.SZ,20150430,11.48,11.81,11.39,11.53,11.53,0.0,0.0,110559.43,127313.951,002239.SZ,3.215
1687,002239.SZ,20150504,11.74,12.68,11.35,12.59,11.53,1.06,9.19,207838.54,252848.4877,002239.SZ,3.215
1688,002239.SZ,20150505,12.76,13.81,12.36,13.05,12.59,0.46,3.65,255077.85,334093.6292,002239.SZ,3.215
1689,002239.SZ,20150506,12.82,13.97,12.82,13.38,13.05,0.33,2.53,208977.08,283979.0721,002239.SZ,3.215
1690,002239.SZ,20150507,13.38,13.78,13.21,13.53,13.38,0.15,1.12,123734.41,165937.3856,002239.SZ,3.215
1691,002239.SZ,20150508,13.58,14.88,13.21,14.69,13.53,1.16,8.57,241537.5,340584.2224,002239.SZ,3.215
1692,002239.SZ,20150511,14.88,16.16,14.3,16.11,14.69,1.42,9.67,223356.21,341910.9473,002239.SZ,3.215
1693,002239.SZ,20150512,16.1,17.2,15.7,16.13,16.11,0.02,0.12,218395.34,362685.3885,002239.SZ,3.215
1694,002239.SZ,20150513,15.78,16.3,15.32,15.84,16.13,-0.29,-1.8,151972.59,239911.1366,002239.SZ,3.215
1695,002239.SZ,20150514,15.7,16.76,15.58,16.4,15.84,0.56,3.54,158079.7,259184.5414,002239.SZ,3.215
1696,002239.SZ,20150515,16.18,17.45,15.2,17.21,16.4,0.81,4.94,267159.7,441205.4154,002239.SZ,3.215
1697,002239.SZ,20150518,16.76,17.8,16.73,17.22,17.21,0.01,0.06,178606.08,307399.3725,002239.SZ,3.215
1698,002239.SZ,20150519,17.01,17.5,16.75,17.04,17.22,-0.18,-1.05,161337.49,276714.7031,002239.SZ,3.215
1699,002239.SZ,20150520,17.22,17.57,16.7,16.97,17.04,-0.07,-0.41,142012.1,243623.4478,002239.SZ,3.215
1700,002239.SZ,20150521,16.96,18.02,16.82,17.8,16.97,0.83,4.89,164851.88,288661.7691,002239.SZ,3.215
1701,002239.SZ,20150522,18.2,19.11,17.77,18.33,17.8,0.53,2.98,173633.34,316973.4462,002239.SZ,3.215
1702,002239.SZ,20150525,18.33,18.33,18.33,18.33,18.33,0.0,0.0,0.0,0.0,002239.SZ,3.215
1703,002239.SZ,20150526,18.33,18.33,18.33,18.33,18.33,0.0,0.0,0.0,0.0,002239.SZ,3.215
1704,002239.SZ,20150527,18.33,18.33,18.33,18.33,18.33,0.0,0.0,0.0,0.0,002239.SZ,3.215
1705,002239.SZ,20150528,18.33,18.33,18.33,18.33,18.33,0.0,0.0,0.0,0.0,002239.SZ,3.215
1706,002239.SZ,20150529,18.33,18.33,18.33,18.33,18.33,0.0,0.0,0.0,0.0,002239.SZ,3.215
1707,002239.SZ,20150601,18.33,18.33,18.33,18.33,18.33,0.0,0.0,0.0,0.0,002239.SZ,3.215
1708,002239.SZ,20150602,18.33,18.33,18.33,18.33,18.33,0.0,0.0,0.0,0.0,002239.SZ,3.215
1709,002239.SZ,20150603,18.33,18.33,18.33,18.33,18.33,0.0,0.0,0.0,0.0,002239.SZ,3.215
1710,002239.SZ,20150604,18.33,18.33,18.33,18.33,18.33,0.0,0.0,0.0,0.0,002239.SZ,3.215
1711,002239.SZ,20150605,18.33,18.33,18.33,18.33,18.33,0.0,0.0,0.0,0.0,002239.SZ,3.215
1712,002239.SZ,20150608,18.33,18.33,18.33,18.33,18.33,0.0,0.0,0.0,0.0,002239.SZ,3.215
1713,002239.SZ,20150609,18.33,18.33,18.33,18.33,18.33,0.0,0.0,0.0,0.0,002239.SZ,3.215
1714,002239.SZ,20150610,18.33,18.33,18.33,18.33,18.33,0.0,0.0,0.0,0.0,002239.SZ,3.215
1715,002239.SZ,20150611,18.33,18.33,18.33,18.33,18.33,0.0,0.0,0.0,0.0,002239.SZ,3.215
1716,002239.SZ,20150612,18.33,18.33,18.33,18.33,18.33,0.0,0.0,0.0,0.0,002239.SZ,3.215
1717,002239.SZ,20150615,18.33,18.33,18.33,18.33,18.33,0.0,0.0,0.0,0.0,002239.SZ,3.215
1718,002239.SZ,20150616,18.33,18.33,18.33,18.33,18.33,0.0,0.0,0.0,0.0,002239.SZ,3.215
1719,002239.SZ,20150617,18.33,18.33,18.33,18.33,18.33,0.0,0.0,0.0,0.0,002239.SZ,3.215
1720,002239.SZ,20150618,18.33,18.33,18.33,18.33,18.33,0.0,0.0,0.0,0.0,002239.SZ,3.215
1721,002239.SZ,20150619,18.33,18.33,18.33,18.33,18.33,0.0,0.0,0.0,0.0,002239.SZ,3.215
1722,002239.SZ,20150623,18.33,18.33,18.33,18.33,18.33,0.0,0.0,0.0,0.0,002239.SZ,3.215
1723,002239.SZ,20150624,18.33,18.33,18.33,18.33,18.33,0.0,0.0,0.0,0.0,002239.SZ,3.215
1724,002239.SZ,20150625,18.33,18.33,18.33,18.33,18.33,0.0,0.0,0.0,0.0,002239.SZ,3.215
1725,002239.SZ,20150626,18.33,18.33,18.33,18.33,18.33,0.0,0.0,0.0,0.0,002239.SZ,3.215
1726,002239.SZ,20150629,18.33,18.33,18.33,18.33,18.33,0.0,0.0,0.0,0.0,002239.SZ,3.215
1727,002239.SZ,20150630,18.33,18.33,18.33,18.33,18.33,0.0,0.0,0.0,0.0,002239.SZ,3.215
1728,002239.SZ,20150701,18.33,18.33,18.33,18.33,18.33,0.0,0.0,0.0,0.0,002239.SZ,3.215
1729,002239.SZ,20150702,18.33,18.33,18.33,18.33,18.33,0.0,0.0,0.0,0.0,002239.SZ,3.215
1730,002239.SZ,20150703,18.33,18.33,18.33,18.33,18.33,0.0,0.0,0.0,0.0,002239.SZ,3.215
1731,002239.SZ,20150706,18.33,18.33,18.33,18.33,18.33,0.0,0.0,0.0,0.0,002239.SZ,3.215
1732,002239.SZ,20150707,18.33,18.33,18.33,18.33,18.33,0.0,0.0,0.0,0.0,002239.SZ,3.215
1733,002239.SZ,20150708,18.33,18.33,18.33,18.33,18.33,0.0,0.0,0.0,0.0,002239.SZ,3.215
1734,002239.SZ,20150709,18.33,18.33,18.33,18.33,18.33,0.0,0.0,0.0,0.0,002239.SZ,3.215
1735,002239.SZ,20150710,18.33,18.33,18.33,18.33,18.33,0.0,0.0,0.0,0.0,002239.SZ,3.215
1736,002239.SZ,20150713,18.33,18.33,18.33,18.33,18.33,0.0,0.0,0.0,0.0,002239.SZ,3.215
1737,002239.SZ,20150714,18.33,18.33,18.33,18.33,18.33,0.0,0.0,0.0,0.0,002239.SZ,3.215
1738,002239.SZ,20150715,18.33,18.33,18.33,18.33,18.33,0.0,0.0,0.0,0.0,002239.SZ,3.215
1739,002239.SZ,20150716,18.33,18.33,18.33,18.33,18.33,0.0,0.0,0.0,0.0,002239.SZ,3.215
1740,002239.SZ,20150717,18.33,18.33,18.33,18.33,18.33,0.0,0.0,0.0,0.0,002239.SZ,3.215
1741,002239.SZ,20150720,18.33,18.33,18.33,18.33,18.33,0.0,0.0,0.0,0.0,002239.SZ,3.215
1742,002239.SZ,20150721,18.33,18.33,18.33,18.33,18.33,0.0,0.0,0.0,0.0,002239.SZ,3.215
1743,002239.SZ,20150722,18.33,18.33,18.33,18.33,18.33,0.0,0.0,0.0,0.0,002239.SZ,3.215
1744,002239.SZ,20150723,18.33,18.33,18.33,18.33,18.33,0.0,0.0,0.0,0.0,002239.SZ,3.215
1745,002239.SZ,20150724,18.33,18.33,18.33,18.33,18.33,0.0,0.0,0.0,0.0,002239.SZ,3.215
1746,002239.SZ,20150727,18.33,18.33,18.33,18.33,18.33,0.0,0.0,0.0,0.0,002239.SZ,3.215
1747,002239.SZ,20150728,18.33,18.33,18.33,18.33,18.33,0.0,0.0,0.0,0.0,002239.SZ,3.215
1748,002239.SZ,20150729,18.33,18.33,18.33,18.33,18.33,0.0,0.0,0.0,0.0,002239.SZ,3.215
1749,002239.SZ,20150730,18.33,18.33,18.33,18.33,18.33,0.0,0.0,0.0,0.0,002239.SZ,3.215
1750,002239.SZ,20150731,18.33,18.33,18.33,18.33,18.33,0.0,0.0,0.0,0.0,002239.SZ,3.215
1751,002239.SZ,20150803,18.33,18.33,18.33,18.33,18.33,0.0,0.0,0.0,0.0,002239.SZ,3.215
1752,002239.SZ,20150804,18.33,18.33,18.33,18.33,18.33,0.0,0.0,0.0,0.0,002239.SZ,3.215
1753,002239.SZ,20150805,18.33,18.33,18.33,18.33,18.33,0.0,0.0,0.0,0.0,002239.SZ,3.215
1754,002239.SZ,20150806,18.33,18.33,18.33,18.33,18.33,0.0,0.0,0.0,0.0,002239.SZ,3.215
1755,002239.SZ,20150807,18.33,18.33,18.33,18.33,18.33,0.0,0.0,0.0,0.0,002239.SZ,3.215
1756,002239.SZ,20150810,18.33,18.33,18.33,18.33,18.33,0.0,0.0,0.0,0.0,002239.SZ,3.215
1757,002239.SZ,20150811,18.33,18.33,18.33,18.33,18.33,0.0,0.0,0.0,0.0,002239.SZ,3.215
1758,002239.SZ,20150812,18.33,18.33,18.33,18.33,18.33,0.0,0.0,0.0,0.0,002239.SZ,3.215
1759,002239.SZ,20150813,18.33,18.33,18.33,18.33,18.33,0.0,0.0,0.0,0.0,002239.SZ,3.215
1760,002239.SZ,20150814,18.33,18.33,18.33,18.33,18.33,0.0,0.0,0.0,0.0,002239.SZ,3.215
1761,002239.SZ,20150817,18.33,18.33,18.33,18.33,18.33,0.0,0.0,0.0,0.0,002239.SZ,3.215
1762,002239.SZ,20150818,18.33,18.33,18.33,18.33,18.33,0.0,0.0,0.0,0.0,002239.SZ,3.215
1763,002239.SZ,20150819,18.33,18.33,18.33,18.33,18.33,0.0,0.0,0.0,0.0,002239.SZ,3.215
1764,002239.SZ,20150820,18.33,18.33,18.33,18.33,18.33,0.0,0.0,0.0,0.0,002239.SZ,3.215
1765,002239.SZ,20150821,18.33,18.33,18.33,18.33,18.33,0.0,0.0,0.0,0.0,002239.SZ,3.215
1766,002239.SZ,20150824,18.33,18.33,18.33,18.33,18.33,0.0,0.0,0.0,0.0,002239.SZ,3.215
1767,002239.SZ,20150825,18.33,18.33,18.33,18.33,18.33,0.0,0.0,0.0,0.0,002239.SZ,3.215
1768,002239.SZ,20150826,18.33,18.33,18.33,18.33,18.33,0.0,0.0,0.0,0.0,002239.SZ,3.215
1769,002239.SZ,20150827,18.33,18.33,18.33,18.33,18.33,0.0,0.0,0.0,0.0,002239.SZ,3.215
1770,002239.SZ,20150828,18.33,18.33,18.33,18.33,18.33,0.0,0.0,0.0,0.0,002239.SZ,3.215
1771,002239.SZ,20150831,18.33,18.33,18.33,18.33,18.33,0.0,0.0,0.0,0.0,002239.SZ,3.215
1772,002239.SZ,20150901,18.33,18.33,18.33,18.33,18.33,0.0,0.0,0.0,0.0,002239.SZ,3.215
1773,002239.SZ,20150902,18.33,18.33,18.33,18.33,18.33,0.0,0.0,0.0,0.0,002239.SZ,3.215
1774,002239.SZ,20150907,18.33,18.33,18.33,18.33,18.33,0.0,0.0,0.0,0.0,002239.SZ,3.215
1775,002239.SZ,20150908,18.33,18.33,18.33,18.33,18.33,0.0,0.0,0.0,0.0,002239.SZ,3.215
1776,002239.SZ,20150909,18.33,18.33,18.33,18.33,18.33,0.0,0.0,0.0,0.0,002239.SZ,3.215
1777,002239.SZ,20150910,18.33,18.33,18.33,18.33,18.33,0.0,0.0,0.0,0.0,002239.SZ,3.215
1778,002239.SZ,20150911,18.33,18.33,18.33,18.33,18.33,0.0,0.0,0.0,0.0,002239.SZ,3.215
1779,002239.SZ,20150914,18.33,18.33,18.33,18.33,18.33,0.0,0.0,0.0,0.0,002239.SZ,3.215
1780,002239.SZ,20150915,18.33,18.33,18.33,18.33,18.33,0.0,0.0,0.0,0.0,002239.SZ,3.215
1781,002239.SZ,20150916,18.33,18.33,18.33,18.33,18.33,0.0,0.0,0.0,0.0,002239.SZ,3.215
1782,002239.SZ,20150917,18.33,18.33,18.33,18.33,18.33,0.0,0.0,0.0,0.0,002239.SZ,3.215
1783,002239.SZ,20150918,18.33,18.33,18.33,18.33,18.33,0.0,0.0,0.0,0.0,002239.SZ,3.215
1784,002239.SZ,20150921,18.33,18.33,18.33,18.33,18.33,0.0,0.0,0.0,0.0,002239.SZ,3.215
1785,002239.SZ,20150922,18.33,18.33,18.33,18.33,18.33,0.0,0.0,0.0,0.0,002239.SZ,3.215
1786,002239.SZ,20150923,18.33,18.33,18.33,18.33,18.33,0.0,0.0,0.0,0.0,002239.SZ,3.215
1787,002239.SZ,20150924,18.33,18.33,18.33,18.33,18.33,0.0,0.0,0.0,0.0,002239.SZ,3.215
1788,002239.SZ,20150925,18.33,18.33,18.33,18.33,18.33,0.0,0.0,0.0,0.0,002239.SZ,3.215
1789,002239.SZ,20150928,18.33,18.33,18.33,18.33,18.33,0.0,0.0,0.0,0.0,002239.SZ,3.215
1790,002239.SZ,20150929,18.33,18.33,18.33,18.33,18.33,0.0,0.0,0.0,0.0,002239.SZ,3.215
1791,002239.SZ,20150930,18.33,18.33,18.33,18.33,18.33,0.0,0.0,0.0,0.0,002239.SZ,3.215
1792,002239.SZ,20151008,18.33,18.33,18.33,18.33,18.33,0.0,0.0,0.0,0.0,002239.SZ,3.215
1793,002239.SZ,20151009,18.33,18.33,18.33,18.33,18.33,0.0,0.0,0.0,0.0,002239.SZ,3.215
1794,002239.SZ,20151012,18.33,18.33,18.33,18.33,18.33,0.0,0.0,0.0,0.0,002239.SZ,3.215
1795,002239.SZ,20151013,18.33,18.33,18.33,18.33,18.33,0.0,0.0,0.0,0.0,002239.SZ,3.215
1796,002239.SZ,20151014,18.33,18.33,18.33,18.33,18.33,0.0,0.0,0.0,0.0,002239.SZ,3.215
1797,002239.SZ,20151015,18.33,18.33,18.33,18.33,18.33,0.0,0.0,0.0,0.0,002239.SZ,3.215
1798,002239.SZ,20151016,18.33,18.33,18.33,18.33,18.33,0.0,0.0,0.0,0.0,002239.SZ,3.215
1799,002239.SZ,20151019,18.33,18.33,18.33,18.33,18.33,0.0,0.0,0.0,0.0,002239.SZ,3.215
1800,002239.SZ,20151020,18.33,18.33,18.33,18.33,18.33,0.0,0.0,0.0,0.0,002239.SZ,3.215
1801,002239.SZ,20151021,18.33,18.33,18.33,18.33,18.33,0.0,0.0,0.0,0.0,002239.SZ,3.215
1802,002239.SZ,20151022,18.33,18.33,18.33,18.33,18.33,0.0,0.0,0.0,0.0,002239.SZ,3.215
1803,002239.SZ,20151023,18.33,18.33,18.33,18.33,18.33,0.0,0.0,0.0,0.0,002239.SZ,3.215
1804,002239.SZ,20151026,18.33,18.33,18.33,18.33,18.33,0.0,0.0,0.0,0.0,002239.SZ,3.215
1805,002239.SZ,20151027,18.33,18.33,18.33,18.33,18.33,0.0,0.0,0.0,0.0,002239.SZ,3.215
1806,002239.SZ,20151028,18.33,18.33,18.33,18.33,18.33,0.0,0.0,0.0,0.0,002239.SZ,3.215
1807,002239.SZ,20151029,18.33,18.33,18.33,18.33,18.33,0.0,0.0,0.0,0.0,002239.SZ,3.215
1808,002239.SZ,20151030,18.33,18.33,18.33,18.33,18.33,0.0,0.0,0.0,0.0,002239.SZ,3.215
1809,002239.SZ,20151102,18.33,18.33,18.33,18.33,18.33,0.0,0.0,0.0,0.0,002239.SZ,3.215
1810,002239.SZ,20151103,18.33,18.33,18.33,18.33,18.33,0.0,0.0,0.0,0.0,002239.SZ,3.215
1811,002239.SZ,20151104,18.33,18.33,18.33,18.33,18.33,0.0,0.0,0.0,0.0,002239.SZ,3.215
1812,002239.SZ,20151105,18.33,18.33,18.33,18.33,18.33,0.0,0.0,0.0,0.0,002239.SZ,3.215
1813,002239.SZ,20151106,18.33,18.33,18.33,18.33,18.33,0.0,0.0,0.0,0.0,002239.SZ,3.215
1814,002239.SZ,20151109,18.33,18.33,18.33,18.33,18.33,0.0,0.0,0.0,0.0,002239.SZ,3.215
1815,002239.SZ,20151110,18.33,18.33,18.33,18.33,18.33,0.0,0.0,0.0,0.0,002239.SZ,3.215
1816,002239.SZ,20151111,18.33,18.33,18.33,18.33,18.33,0.0,0.0,0.0,0.0,002239.SZ,3.215
1817,002239.SZ,20151112,18.33,18.33,18.33,18.33,18.33,0.0,0.0,0.0,0.0,002239.SZ,3.215
1818,002239.SZ,20151113,18.32,18.32,18.32,18.32,18.32,0.0,0.0,0.0,0.0,002239.SZ,3.217
1819,002239.SZ,20151116,18.32,18.32,18.32,18.32,18.32,0.0,0.0,0.0,0.0,002239.SZ,3.217
1820,002239.SZ,20151117,18.32,18.32,18.32,18.32,18.32,0.0,0.0,0.0,0.0,002239.SZ,3.217
1821,002239.SZ,20151118,18.32,18.32,18.32,18.32,18.32,0.0,0.0,0.0,0.0,002239.SZ,3.217
1822,002239.SZ,20151119,18.32,18.32,18.32,18.32,18.32,0.0,0.0,0.0,0.0,002239.SZ,3.217
1823,002239.SZ,20151120,18.32,18.32,18.32,18.32,18.32,0.0,0.0,0.0,0.0,002239.SZ,3.217
1824,002239.SZ,20151123,18.32,18.32,18.32,18.32,18.32,0.0,0.0,0.0,0.0,002239.SZ,3.217
1825,002239.SZ,20151124,18.32,18.32,18.32,18.32,18.32,0.0,0.0,0.0,0.0,002239.SZ,3.217
1826,002239.SZ,20151125,18.32,18.32,18.32,18.32,18.32,0.0,0.0,0.0,0.0,002239.SZ,3.217
1827,002239.SZ,20151126,18.32,18.32,18.32,18.32,18.32,0.0,0.0,0.0,0.0,002239.SZ,3.217
1828,002239.SZ,20151127,18.32,18.32,18.32,18.32,18.32,0.0,0.0,0.0,0.0,002239.SZ,3.217
1829,002239.SZ,20151130,18.32,18.32,18.32,18.32,18.32,0.0,0.0,0.0,0.0,002239.SZ,3.217
1830,002239.SZ,20151201,18.32,18.32,18.32,18.32,18.32,0.0,0.0,0.0,0.0,002239.SZ,3.217
1831,002239.SZ,20151202,18.32,18.32,18.32,18.32,18.32,0.0,0.0,0.0,0.0,002239.SZ,3.217
1832,002239.SZ,20151203,18.32,18.32,18.32,18.32,18.32,0.0,0.0,0.0,0.0,002239.SZ,3.217
1833,002239.SZ,20151204,18.32,18.32,18.32,18.32,18.32,0.0,0.0,0.0,0.0,002239.SZ,3.217
1834,002239.SZ,20151207,18.32,18.32,18.32,18.32,18.32,0.0,0.0,0.0,0.0,002239.SZ,3.217
1835,002239.SZ,20151208,18.32,18.32,18.32,18.32,18.32,0.0,0.0,0.0,0.0,002239.SZ,3.217
1836,002239.SZ,20151209,18.32,18.32,18.32,18.32,18.32,0.0,0.0,0.0,0.0,002239.SZ,3.217
1837,002239.SZ,20151210,18.32,18.32,18.32,18.32,18.32,0.0,0.0,0.0,0.0,002239.SZ,3.217
1838,002239.SZ,20151211,18.32,18.32,18.32,18.32,18.32,0.0,0.0,0.0,0.0,002239.SZ,3.217
1839,002239.SZ,20151214,18.32,18.32,18.32,18.32,18.32,0.0,0.0,0.0,0.0,002239.SZ,3.217
1840,002239.SZ,20151215,18.32,18.32,18.32,18.32,18.32,0.0,0.0,0.0,0.0,002239.SZ,3.217
1841,002239.SZ,20151216,18.32,18.32,18.32,18.32,18.32,0.0,0.0,0.0,0.0,002239.SZ,3.217
1842,002239.SZ,20151217,18.32,18.32,18.32,18.32,18.32,0.0,0.0,0.0,0.0,002239.SZ,3.217
1843,002239.SZ,20151218,18.32,18.32,18.32,18.32,18.32,0.0,0.0,0.0,0.0,002239.SZ,3.217
1844,002239.SZ,20151221,18.32,18.32,18.32,18.32,18.32,0.0,0.0,0.0,0.0,002239.SZ,3.217
1845,002239.SZ,20151222,18.32,18.32,18.32,18.32,18.32,0.0,0.0,0.0,0.0,002239.SZ,3.217
1846,002239.SZ,20151223,18.32,18.32,18.32,18.32,18.32,0.0,0.0,0.0,0.0,002239.SZ,3.217
1847,002239.SZ,20151224,18.32,18.32,18.32,18.32,18.32,0.0,0.0,0.0,0.0,002239.SZ,3.217
1848,002239.SZ,20151225,18.32,18.32,18.32,18.32,18.32,0.0,0.0,0.0,0.0,002239.SZ,3.217
1849,002239.SZ,20151228,18.32,18.32,18.32,18.32,18.32,0.0,0.0,0.0,0.0,002239.SZ,3.217
1850,002239.SZ,20151229,18.32,18.32,18.32,18.32,18.32,0.0,0.0,0.0,0.0,002239.SZ,3.217
1851,002239.SZ,20151230,18.32,18.32,18.32,18.32,18.32,0.0,0.0,0.0,0.0,002239.SZ,3.217
1852,002239.SZ,20151231,18.32,18.32,18.32,18.32,18.32,0.0,0.0,0.0,0.0,002239.SZ,3.217
1853,002239.SZ,20160104,18.32,18.32,18.32,18.32,18.32,0.0,0.0,0.0,0.0,002239.SZ,3.217
1854,002239.SZ,20160105,16.49,16.49,16.49,16.49,18.32,-1.83,-9.99,6905.0,11386.345,002239.SZ,3.217
1855,002239.SZ,20160106,14.84,14.84,14.84,14.84,16.49,-1.65,-10.01,45310.0,67240.04,002239.SZ,3.217
1856,002239.SZ,20160107,13.66,14.74,13.36,13.36,14.84,-1.48,-9.97,270139.11,369946.7498,002239.SZ,3.217
1857,002239.SZ,20160108,13.18,14.5,12.28,13.95,13.36,0.59,4.42,452023.02,609277.8957,002239.SZ,3.217
1858,002239.SZ,20160111,13.31,13.8,12.56,12.56,13.95,-1.39,-9.96,184619.93,244793.7376,002239.SZ,3.217
1859,002239.SZ,20160112,12.78,12.95,11.3,11.4,12.56,-1.16,-9.24,192477.55,225404.0102,002239.SZ,3.217
1860,002239.SZ,20160113,11.72,12.08,11.4,11.75,11.4,0.35,3.07,177249.18,208413.6951,002239.SZ,3.217
1861,002239.SZ,20160114,11.3,12.93,11.17,12.93,11.75,1.18,10.04,143221.57,172879.2718,002239.SZ,3.217
1862,002239.SZ,20160115,12.88,13.88,12.6,13.43,12.93,0.5,3.87,225627.85,299591.0148,002239.SZ,3.217
1863,002239.SZ,20160118,13.0,13.97,13.0,13.25,13.43,-0.18,-1.34,172009.59,232120.3401,002239.SZ,3.217
1864,002239.SZ,20160119,13.07,13.58,12.83,13.45,13.25,0.2,1.51,177037.24,234064.6734,002239.SZ,3.217
1865,002239.SZ,20160120,13.26,13.26,12.39,12.46,13.45,-0.99,-7.36,172447.78,220942.8164,002239.SZ,3.217
1866,002239.SZ,20160121,12.2,12.81,11.7,12.06,12.46,-0.4,-3.21,139045.93,171539.328,002239.SZ,3.217
1867,002239.SZ,20160122,12.18,12.49,11.95,12.16,12.06,0.1,0.83,87253.82,106240.7102,002239.SZ,3.217
1868,002239.SZ,20160125,12.4,12.48,11.88,12.03,12.16,-0.13,-1.07,77162.75,94041.405,002239.SZ,3.217
1869,002239.SZ,20160126,11.71,11.95,10.83,11.26,12.03,-0.77,-6.4,130912.19,147572.6162,002239.SZ,3.217
1870,002239.SZ,20160127,11.48,11.5,10.13,10.7,11.26,-0.56,-4.97,116639.07,124219.888,002239.SZ,3.217
1871,002239.SZ,20160128,10.52,10.69,9.63,9.64,10.7,-1.06,-9.91,119030.09,120371.9851,002239.SZ,3.217
1872,002239.SZ,20160129,9.64,10.49,9.45,10.26,9.64,0.62,6.43,126648.06,128546.7383,002239.SZ,3.217
1873,002239.SZ,20160201,10.28,10.42,9.91,10.19,10.26,-0.07,-0.68,72038.99,73465.4219,002239.SZ,3.217
1874,002239.SZ,20160202,10.13,10.77,10.13,10.57,10.19,0.38,3.73,89605.64,93479.2565,002239.SZ,3.217
1875,002239.SZ,20160203,10.35,10.49,10.05,10.36,10.57,-0.21,-1.99,94098.29,96497.0277,002239.SZ,3.217
1876,002239.SZ,20160204,10.3,10.7,10.3,10.57,10.36,0.21,2.03,110079.19,115392.3734,002239.SZ,3.217
1877,002239.SZ,20160205,10.59,11.58,10.59,11.5,10.57,0.93,8.8,137786.97,154266.7959,002239.SZ,3.217
1878,002239.SZ,20160215,11.0,11.48,10.8,11.16,11.5,-0.34,-2.96,91169.52,101960.5711,002239.SZ,3.217
1879,002239.SZ,20160216,11.2,11.85,11.2,11.59,11.16,0.43,3.85,117697.53,136504.3129,002239.SZ,3.217
1880,002239.SZ,20160217,11.52,11.84,11.31,11.64,11.59,0.05,0.43,86715.93,100262.575,002239.SZ,3.217
1881,002239.SZ,20160218,11.78,11.85,11.4,11.5,11.64,-0.14,-1.2,75230.74,87131.4926,002239.SZ,3.217
1882,002239.SZ,20160219,11.42,11.54,11.24,11.33,11.5,-0.17,-1.48,45980.74,52257.6496,002239.SZ,3.217
1883,002239.SZ,20160222,11.5,11.63,11.35,11.45,11.33,0.12,1.06,64193.81,73607.1802,002239.SZ,3.217
1884,002239.SZ,20160223,11.41,11.56,11.11,11.27,11.45,-0.18,-1.57,54201.49,61544.9087,002239.SZ,3.217
1885,002239.SZ,20160224,11.23,11.63,11.16,11.6,11.27,0.33,2.93,80333.06,92010.6777,002239.SZ,3.217
1886,002239.SZ,20160225,11.51,11.95,10.5,10.64,11.6,-0.96,-8.28,124954.22,142242.7844,002239.SZ,3.217
1887,002239.SZ,20160226,10.6,10.9,10.0,10.65,10.64,0.01,0.09,94846.09,100492.5955,002239.SZ,3.217
1888,002239.SZ,20160229,10.66,10.9,9.86,10.18,10.65,-0.47,-4.41,76550.56,78796.9889,002239.SZ,3.217
1889,002239.SZ,20160301,10.28,10.44,9.85,10.26,10.18,0.08,0.79,60399.09,61813.4768,002239.SZ,3.217
1890,002239.SZ,20160302,10.27,10.88,10.2,10.84,10.26,0.58,5.65,93649.46,98794.25,002239.SZ,3.217
1891,002239.SZ,20160303,10.78,11.19,10.62,10.7,10.84,-0.14,-1.29,81014.23,88282.0049,002239.SZ,3.217
1892,002239.SZ,20160304,10.52,10.75,10.0,10.27,10.7,-0.43,-4.02,79246.36,82007.4081,002239.SZ,3.217
1893,002239.SZ,20160307,10.32,10.7,10.3,10.46,10.27,0.19,1.85,80749.7,84938.6634,002239.SZ,3.217
1894,002239.SZ,20160308,10.44,10.51,10.0,10.43,10.46,-0.03,-0.29,82020.73,83973.6843,002239.SZ,3.217
1895,002239.SZ,20160309,10.22,10.44,10.08,10.29,10.43,-0.14,-1.34,39087.65,40095.7087,002239.SZ,3.217
1896,002239.SZ,20160310,10.35,10.45,10.1,10.14,10.29,-0.15,-1.46,34184.31,35016.6399,002239.SZ,3.217
1897,002239.SZ,20160311,10.06,10.38,10.05,10.22,10.14,0.08,0.79,41562.53,42422.711,002239.SZ,3.217
1898,002239.SZ,20160314,9.88,10.72,9.88,10.52,10.22,0.3,2.94,84563.27,88497.2387,002239.SZ,3.217
1899,002239.SZ,20160315,10.42,10.54,10.18,10.22,10.52,-0.3,-2.85,54224.85,55801.9642,002239.SZ,3.217
1900,002239.SZ,20160316,10.39,10.41,10.1,10.12,10.22,-0.1,-0.98,35947.15,36598.4655,002239.SZ,3.217
1901,002239.SZ,20160317,10.12,10.45,10.12,10.3,10.12,0.18,1.78,62986.77,64721.1225,002239.SZ,3.217
1902,002239.SZ,20160318,10.45,10.82,10.37,10.7,10.3,0.4,3.88,93179.69,98805.8911,002239.SZ,3.217
1903,002239.SZ,20160321,10.83,11.77,10.81,11.77,10.7,1.07,10.0,146335.67,164992.7039,002239.SZ,3.217
1904,002239.SZ,20160322,11.84,11.88,11.49,11.51,11.77,-0.26,-2.21,115770.97,134242.6837,002239.SZ,3.217
1905,002239.SZ,20160323,11.52,11.58,11.3,11.55,11.51,0.04,0.35,71372.0,81568.3858,002239.SZ,3.217
1906,002239.SZ,20160324,11.47,11.76,11.27,11.37,11.55,-0.18,-1.56,83592.28,96418.0638,002239.SZ,3.217
1907,002239.SZ,20160325,11.18,11.44,11.01,11.29,11.37,-0.08,-0.7,58919.59,66188.432,002239.SZ,3.217
1908,002239.SZ,20160328,11.43,11.55,10.94,11.06,11.29,-0.23,-2.04,74974.02,84177.0889,002239.SZ,3.217
1909,002239.SZ,20160329,11.06,11.16,10.52,10.53,11.06,-0.53,-4.79,70835.37,75951.724,002239.SZ,3.217
1910,002239.SZ,20160330,10.59,11.48,10.59,11.3,10.53,0.77,7.31,114053.77,123836.0394,002239.SZ,3.217
1911,002239.SZ,20160331,11.88,12.43,11.8,12.43,11.3,1.13,10.0,104736.43,127796.8911,002239.SZ,3.217
1912,002239.SZ,20160401,13.1,13.1,12.45,12.75,12.43,0.32,2.57,338876.77,431728.3267,002239.SZ,3.217
1913,002239.SZ,20160405,12.76,13.69,12.49,13.55,12.75,0.8,6.27,248914.79,331390.7314,002239.SZ,3.217
1914,002239.SZ,20160406,13.21,13.54,13.16,13.28,13.55,-0.27,-1.99,161187.8,214176.8345,002239.SZ,3.217
1915,002239.SZ,20160407,13.23,13.97,12.72,13.68,13.28,0.4,3.01,215759.52,289024.8524,002239.SZ,3.217
1916,002239.SZ,20160408,13.45,13.5,12.9,13.28,13.68,-0.4,-2.92,116358.73,153655.802,002239.SZ,3.217
1917,002239.SZ,20160411,13.45,13.99,13.27,13.49,13.28,0.21,1.58,159017.62,216017.1663,002239.SZ,3.217
1918,002239.SZ,20160412,13.47,13.47,13.11,13.33,13.49,-0.16,-1.19,75360.08,99788.8383,002239.SZ,3.217
1919,002239.SZ,20160413,13.38,14.15,13.36,13.69,13.33,0.36,2.7,176013.4,241564.0222,002239.SZ,3.217
1920,002239.SZ,20160414,13.72,13.88,13.51,13.71,13.69,0.02,0.15,93644.99,127830.917,002239.SZ,3.217
1921,002239.SZ,20160415,13.71,13.71,13.71,13.71,13.71,0.0,0.0,0.0,0.0,002239.SZ,3.217
1922,002239.SZ,20160418,13.71,13.71,13.71,13.71,13.71,0.0,0.0,0.0,0.0,002239.SZ,3.217
1923,002239.SZ,20160419,13.71,13.71,13.71,13.71,13.71,0.0,0.0,0.0,0.0,002239.SZ,3.217
1924,002239.SZ,20160420,13.71,13.71,13.71,13.71,13.71,0.0,0.0,0.0,0.0,002239.SZ,3.217
1925,002239.SZ,20160421,13.71,13.71,13.71,13.71,13.71,0.0,0.0,0.0,0.0,002239.SZ,3.217
1926,002239.SZ,20160422,12.66,13.18,12.44,12.88,13.71,-0.83,-6.05,133686.22,170938.3121,002239.SZ,3.217
1927,002239.SZ,20160425,12.87,12.87,12.4,12.42,12.88,-0.46,-3.57,57730.14,72201.448,002239.SZ,3.217
1928,002239.SZ,20160426,12.42,12.84,12.36,12.61,12.42,0.19,1.53,49256.42,62013.7943,002239.SZ,3.217
1929,002239.SZ,20160427,12.61,12.8,12.43,12.43,12.61,-0.18,-1.43,43052.49,54013.4325,002239.SZ,3.217
1930,002239.SZ,20160428,12.54,12.54,11.99,12.19,12.43,-0.24,-1.93,64549.83,78660.7152,002239.SZ,3.217
1931,002239.SZ,20160429,12.2,12.85,12.1,12.63,12.19,0.44,3.61,81247.11,101620.904,002239.SZ,3.217
1932,002239.SZ,20160503,12.64,13.0,12.4,12.88,12.63,0.25,1.98,85299.12,109111.359,002239.SZ,3.217
1933,002239.SZ,20160504,12.93,13.49,12.74,13.41,12.88,0.53,4.11,111099.48,148025.6333,002239.SZ,3.217
1934,002239.SZ,20160505,13.35,13.45,13.1,13.34,13.41,-0.07,-0.52,58331.77,77501.3045,002239.SZ,3.217
1935,002239.SZ,20160506,13.31,13.52,12.6,12.6,13.34,-0.74,-5.55,102247.1,132817.9514,002239.SZ,3.217
1936,002239.SZ,20160509,12.45,12.47,11.5,11.65,12.6,-0.95,-7.54,69383.97,83174.1079,002239.SZ,3.217
1937,002239.SZ,20160510,11.54,11.84,11.5,11.67,11.65,0.02,0.17,41791.18,48677.246,002239.SZ,3.217
1938,002239.SZ,20160511,11.8,12.1,11.5,11.89,11.67,0.22,1.89,51863.81,61172.8533,002239.SZ,3.217
1939,002239.SZ,20160512,11.8,12.48,11.46,12.26,11.89,0.37,3.11,71079.34,85666.3232,002239.SZ,3.217
1940,002239.SZ,20160513,12.13,12.66,12.08,12.15,12.26,-0.11,-0.9,80760.56,100206.1288,002239.SZ,3.217
1941,002239.SZ,20160516,11.9,12.55,11.8,12.48,12.15,0.33,2.72,63990.53,78109.4442,002239.SZ,3.217
1942,002239.SZ,20160517,12.4,12.47,11.96,12.01,12.48,-0.47,-3.77,61580.42,74724.1464,002239.SZ,3.217
1943,002239.SZ,20160518,11.95,11.98,11.31,11.37,12.01,-0.64,-5.33,43730.23,50988.1478,002239.SZ,3.217
1944,002239.SZ,20160519,11.45,11.73,11.33,11.39,11.37,0.02,0.18,43860.51,50539.4089,002239.SZ,3.217
1945,002239.SZ,20160520,11.35,11.56,11.2,11.55,11.39,0.16,1.4,32732.09,37543.4055,002239.SZ,3.217
1946,002239.SZ,20160523,11.8,12.71,11.8,12.31,11.55,0.76,6.58,86454.22,107430.6065,002239.SZ,3.217
1947,002239.SZ,20160524,12.2,13.05,12.07,12.85,12.31,0.54,4.39,159807.09,200539.481,002239.SZ,3.217
1948,002239.SZ,20160525,12.93,13.36,12.74,12.9,12.85,0.05,0.39,132026.39,172153.296,002239.SZ,3.217
1949,002239.SZ,20160526,12.85,12.98,12.52,12.95,12.9,0.05,0.39,60165.4,76798.75,002239.SZ,3.217
1950,002239.SZ,20160527,12.88,13.48,12.81,12.82,12.95,-0.13,-1.0,101279.57,133106.1227,002239.SZ,3.217
1951,002239.SZ,20160530,12.54,13.0,12.48,12.65,12.82,-0.17,-1.33,41274.8,52673.8352,002239.SZ,3.217
1952,002239.SZ,20160531,12.71,13.39,12.71,13.32,12.65,0.67,5.3,120938.95,158948.6582,002239.SZ,3.217
1953,002239.SZ,20160601,13.5,13.84,13.31,13.78,13.32,0.46,3.45,121996.48,166385.3831,002239.SZ,3.217
1954,002239.SZ,20160602,13.78,13.99,13.5,13.77,13.78,-0.01,-0.07,78512.65,107867.4507,002239.SZ,3.217
1955,002239.SZ,20160603,13.78,14.3,13.6,13.96,13.77,0.19,1.38,114315.34,160442.0225,002239.SZ,3.217
1956,002239.SZ,20160606,14.11,14.27,13.8,14.05,13.96,0.09,0.64,81275.33,114092.9876,002239.SZ,3.217
1957,002239.SZ,20160607,14.06,14.16,13.57,13.85,14.05,-0.2,-1.42,90295.95,124665.2953,002239.SZ,3.217
1958,002239.SZ,20160608,13.9,14.26,13.51,14.03,13.85,0.18,1.3,111329.64,153244.2903,002239.SZ,3.217
1959,002239.SZ,20160613,13.73,14.41,13.6,13.7,14.03,-0.33,-2.35,123627.11,174184.8623,002239.SZ,3.217
1960,002239.SZ,20160614,13.52,13.88,13.4,13.65,13.7,-0.05,-0.37,60542.15,82318.4376,002239.SZ,3.217
1961,002239.SZ,20160615,13.71,15.02,13.5,15.02,13.65,1.37,10.04,221345.31,327467.7686,002239.SZ,3.217
1962,002239.SZ,20160616,14.96,16.07,14.91,15.87,15.02,0.85,5.66,251318.7,389855.606,002239.SZ,3.217
1963,002239.SZ,20160617,15.62,16.49,15.38,16.02,15.87,0.15,0.95,153165.63,242481.6507,002239.SZ,3.217
1964,002239.SZ,20160620,15.66,16.0,15.4,15.88,16.02,-0.14,-0.87,122722.46,192375.0763,002239.SZ,3.217
1965,002239.SZ,20160621,16.17,16.64,15.8,15.96,15.88,0.08,0.5,129000.77,210588.807,002239.SZ,3.217
1966,002239.SZ,20160622,15.88,16.3,15.4,16.1,15.96,0.14,0.88,107499.99,169810.1038,002239.SZ,3.217
1967,002239.SZ,20160623,16.1,16.35,15.6,15.99,16.1,-0.11,-0.68,104429.53,167964.0871,002239.SZ,3.217
1968,002239.SZ,20160624,15.99,16.4,15.05,16.18,15.99,0.19,1.19,134881.58,213833.3862,002239.SZ,3.217
1969,002239.SZ,20160627,16.13,16.55,15.99,16.48,16.18,0.3,1.85,82020.54,133914.4605,002239.SZ,3.217
1970,002239.SZ,20160628,16.55,17.04,16.43,17.01,16.48,0.53,3.22,105914.0,177673.3606,002239.SZ,3.217
1971,002239.SZ,20160629,16.96,17.01,16.0,16.41,17.01,-0.6,-3.53,83802.85,138999.7661,002239.SZ,3.217
1972,002239.SZ,20160630,16.33,16.78,16.0,16.11,16.41,-0.3,-1.83,66084.92,107355.4116,002239.SZ,3.217
1973,002239.SZ,20160701,16.11,16.37,15.55,16.25,16.11,0.14,0.87,68468.51,109118.0502,002239.SZ,3.217
1974,002239.SZ,20160704,16.1,16.47,15.88,16.22,16.25,-0.03,-0.18,64392.22,104541.181,002239.SZ,3.217
1975,002239.SZ,20160705,16.21,16.57,15.91,16.4,16.22,0.18,1.11,74578.55,121174.7689,002239.SZ,3.217
1976,002239.SZ,20160706,16.42,16.57,16.15,16.43,16.4,0.03,0.18,44584.08,73060.23,002239.SZ,3.217
1977,002239.SZ,20160707,16.41,17.1,16.2,17.0,16.43,0.57,3.47,110203.66,183721.7478,002239.SZ,3.217
1978,002239.SZ,20160708,17.2,17.5,16.72,16.81,17.0,-0.19,-1.12,72715.58,124575.4758,002239.SZ,3.217
1979,002239.SZ,20160711,16.65,17.05,16.65,16.68,16.81,-0.13,-0.77,69046.94,116581.9364,002239.SZ,3.217
1980,002239.SZ,20160712,16.66,16.78,16.28,16.51,16.68,-0.17,-1.02,69122.23,114196.7416,002239.SZ,3.217
1981,002239.SZ,20160713,16.71,16.73,16.1,16.18,16.51,-0.33,-2.0,64454.51,105133.1873,002239.SZ,3.217
1982,002239.SZ,20160714,16.3,16.55,16.21,16.33,16.18,0.15,0.93,37664.1,61734.1718,002239.SZ,3.217
1983,002239.SZ,20160715,16.36,16.48,15.9,15.95,16.33,-0.38,-2.33,44189.83,71082.0569,002239.SZ,3.217
1984,002239.SZ,20160718,15.83,16.19,15.81,16.03,15.95,0.08,0.5,39681.67,63644.1782,002239.SZ,3.217
1985,002239.SZ,20160719,16.05,16.28,15.97,16.18,16.03,0.15,0.94,27319.88,44084.3451,002239.SZ,3.217
1986,002239.SZ,20160720,16.26,16.29,16.1,16.22,16.18,0.04,0.25,22283.88,36041.5013,002239.SZ,3.217
1987,002239.SZ,20160721,16.21,16.31,16.07,16.15,16.22,-0.07,-0.43,29219.44,47176.6235,002239.SZ,3.217
1988,002239.SZ,20160722,16.09,16.22,15.57,15.66,16.15,-0.49,-3.03,58521.17,92823.142,002239.SZ,3.217
1989,002239.SZ,20160725,15.61,15.78,15.51,15.58,15.66,-0.08,-0.51,28269.46,44175.7449,002239.SZ,3.217
1990,002239.SZ,20160726,15.55,16.29,15.51,16.02,15.58,0.44,2.82,34358.3,54568.4094,002239.SZ,3.217
1991,002239.SZ,20160727,16.12,16.45,15.51,15.92,16.02,-0.1,-0.62,78963.76,126151.2435,002239.SZ,3.217
1992,002239.SZ,20160728,15.77,16.25,15.51,15.61,15.92,-0.31,-1.95,56414.49,89284.1875,002239.SZ,3.217
1993,002239.SZ,20160729,15.65,16.49,15.65,16.01,15.61,0.4,2.56,65133.74,105266.2016,002239.SZ,3.217
1994,002239.SZ,20160801,15.81,16.06,15.57,15.71,16.01,-0.3,-1.87,39231.97,62002.8216,002239.SZ,3.217
1995,002239.SZ,20160802,15.7,15.88,15.63,15.68,15.71,-0.03,-0.19,24318.88,38241.4861,002239.SZ,3.217
1996,002239.SZ,20160803,15.65,15.8,15.58,15.58,15.68,-0.1,-0.64,16137.01,25239.8186,002239.SZ,3.217
1997,002239.SZ,20160804,15.5,15.67,15.11,15.25,15.58,-0.33,-2.12,60757.62,92827.6987,002239.SZ,3.217
1998,002239.SZ,20160805,15.17,15.48,15.17,15.28,15.25,0.03,0.2,27500.13,42187.5161,002239.SZ,3.217
1999,002239.SZ,20160808,15.2,15.56,15.15,15.44,15.28,0.16,1.05,14289.2,22027.3912,002239.SZ,3.217
2000,002239.SZ,20160809,15.5,16.38,15.46,16.25,15.44,0.81,5.25,71762.18,115326.6731,002239.SZ,3.217
2001,002239.SZ,20160810,16.25,16.55,16.08,16.26,16.25,0.01,0.06,47597.55,77860.7239,002239.SZ,3.217
2002,002239.SZ,20160811,16.16,16.35,15.93,16.0,16.26,-0.26,-1.6,30285.2,48889.6341,002239.SZ,3.217
2003,002239.SZ,20160812,15.9,16.88,15.9,16.5,16.0,0.5,3.13,41486.49,68072.6402,002239.SZ,3.217
2004,002239.SZ,20160815,16.63,16.88,16.31,16.81,16.5,0.31,1.88,49202.07,82250.0855,002239.SZ,3.217
2005,002239.SZ,20160816,16.88,17.1,16.67,16.7,16.81,-0.11,-0.65,50981.49,86243.8395,002239.SZ,3.217
2006,002239.SZ,20160817,16.59,16.98,16.59,16.7,16.7,0.0,0.0,24696.36,41459.3706,002239.SZ,3.217
2007,002239.SZ,20160818,16.69,16.89,16.5,16.7,16.7,0.0,0.0,19794.75,32959.2285,002239.SZ,3.217
2008,002239.SZ,20160819,16.63,16.79,16.51,16.59,16.7,-0.11,-0.66,19169.54,31850.5972,002239.SZ,3.217
2009,002239.SZ,20160822,16.53,16.96,16.0,16.06,16.59,-0.53,-3.19,39513.71,65320.1477,002239.SZ,3.217
2010,002239.SZ,20160823,16.15,17.15,16.0,17.05,16.06,0.99,6.16,58353.06,96854.071,002239.SZ,3.217
2011,002239.SZ,20160824,17.0,17.0,16.4,16.42,17.05,-0.63,-3.7,54956.26,91558.9048,002239.SZ,3.217
2012,002239.SZ,20160825,16.39,16.39,15.6,16.12,16.42,-0.3,-1.83,36990.62,59293.887,002239.SZ,3.217
2013,002239.SZ,20160826,16.12,16.7,16.12,16.15,16.12,0.03,0.19,38391.13,63108.5237,002239.SZ,3.217
2014,002239.SZ,20160829,16.06,16.27,15.75,15.85,16.15,-0.3,-1.86,20267.21,32481.0491,002239.SZ,3.217
2015,002239.SZ,20160830,15.86,16.1,15.83,15.88,15.85,0.03,0.19,17936.01,28602.1367,002239.SZ,3.217
2016,002239.SZ,20160831,15.95,15.95,15.5,15.88,15.88,0.0,0.0,22093.28,34640.5855,002239.SZ,3.217
2017,002239.SZ,20160901,15.79,15.98,15.69,15.72,15.88,-0.16,-1.01,15081.91,23810.4041,002239.SZ,3.217
2018,002239.SZ,20160902,15.7,15.86,15.55,15.8,15.72,0.08,0.51,14668.69,23024.1915,002239.SZ,3.217
2019,002239.SZ,20160905,15.89,16.18,15.81,16.15,15.8,0.35,2.22,27044.92,43492.6726,002239.SZ,3.217
2020,002239.SZ,20160906,16.17,16.33,15.86,16.17,16.15,0.02,0.12,24987.93,40035.5012,002239.SZ,3.217
2021,002239.SZ,20160907,16.44,16.82,16.2,16.55,16.17,0.38,2.35,43492.63,71969.0687,002239.SZ,3.217
2022,002239.SZ,20160908,16.55,16.72,16.35,16.45,16.55,-0.1,-0.6,14594.68,24043.4149,002239.SZ,3.217
2023,002239.SZ,20160909,16.4,16.5,16.0,16.25,16.45,-0.2,-1.22,34007.57,55630.1707,002239.SZ,3.217
2024,002239.SZ,20160912,16.02,16.1,15.28,15.5,16.25,-0.75,-4.62,35687.72,56043.7037,002239.SZ,3.217
2025,002239.SZ,20160913,15.5,15.8,15.07,15.64,15.5,0.14,0.9,24177.75,37351.9895,002239.SZ,3.217
2026,002239.SZ,20160914,15.52,15.68,15.32,15.49,15.64,-0.15,-0.96,9000.6,13961.2731,002239.SZ,3.217
2027,002239.SZ,20160919,15.49,15.68,15.0,15.4,15.49,-0.09,-0.58,19513.32,30151.0031,002239.SZ,3.217
2028,002239.SZ,20160920,15.4,15.54,15.32,15.4,15.4,0.0,0.0,10037.66,15479.5064,002239.SZ,3.217
2029,002239.SZ,20160921,15.39,16.04,15.32,15.77,15.4,0.37,2.4,22646.56,35893.2388,002239.SZ,3.217
2030,002239.SZ,20160922,15.76,15.79,15.53,15.69,15.77,-0.08,-0.51,19295.35,30178.7029,002239.SZ,3.217
2031,002239.SZ,20160923,15.69,15.77,15.5,15.56,15.69,-0.13,-0.83,11474.52,17928.6492,002239.SZ,3.217
2032,002239.SZ,20160926,15.73,15.75,15.2,15.2,15.56,-0.36,-2.31,19690.22,30363.5575,002239.SZ,3.217
2033,002239.SZ,20160927,15.18,15.5,14.97,15.39,15.2,0.19,1.25,23923.34,36279.5896,002239.SZ,3.217
2034,002239.SZ,20160928,15.37,15.43,14.95,15.32,15.39,-0.07,-0.45,17894.69,27152.3326,002239.SZ,3.217
2035,002239.SZ,20160929,15.29,15.48,15.11,15.28,15.32,-0.04,-0.26,13795.81,21212.4507,002239.SZ,3.217
2036,002239.SZ,20160930,15.28,15.48,15.27,15.35,15.28,0.07,0.46,7960.51,12241.2609,002239.SZ,3.217
2037,002239.SZ,20161010,15.38,15.78,15.3,15.75,15.35,0.4,2.61,24641.54,38388.6613,002239.SZ,3.217
2038,002239.SZ,20161011,15.76,15.96,15.73,15.87,15.75,0.12,0.76,19445.33,30865.4643,002239.SZ,3.217
2039,002239.SZ,20161012,15.82,16.29,15.82,16.18,15.87,0.31,1.95,47645.82,77082.6157,002239.SZ,3.217
2040,002239.SZ,20161013,16.19,16.33,15.84,15.87,16.18,-0.31,-1.92,33594.17,53892.9416,002239.SZ,3.217
2041,002239.SZ,20161014,15.83,16.06,15.74,15.81,15.87,-0.06,-0.38,22074.74,34967.1411,002239.SZ,3.217
2042,002239.SZ,20161017,15.98,16.15,15.68,15.69,15.81,-0.12,-0.76,29672.06,47245.7112,002239.SZ,3.217
2043,002239.SZ,20161018,15.69,15.69,15.69,15.69,15.69,0.0,0.0,0.0,0.0,002239.SZ,3.217
2044,002239.SZ,20161019,15.69,15.69,15.69,15.69,15.69,0.0,0.0,0.0,0.0,002239.SZ,3.217
2045,002239.SZ,20161020,15.69,15.69,15.69,15.69,15.69,0.0,0.0,0.0,0.0,002239.SZ,3.217
2046,002239.SZ,20161021,15.69,15.69,15.69,15.69,15.69,0.0,0.0,0.0,0.0,002239.SZ,3.217
2047,002239.SZ,20161024,15.69,15.69,15.69,15.69,15.69,0.0,0.0,0.0,0.0,002239.SZ,3.217
2048,002239.SZ,20161025,15.69,15.69,15.69,15.69,15.69,0.0,0.0,0.0,0.0,002239.SZ,3.217
2049,002239.SZ,20161026,15.69,15.69,15.69,15.69,15.69,0.0,0.0,0.0,0.0,002239.SZ,3.217
2050,002239.SZ,20161027,15.69,15.69,15.69,15.69,15.69,0.0,0.0,0.0,0.0,002239.SZ,3.217
2051,002239.SZ,20161028,15.69,15.69,15.69,15.69,15.69,0.0,0.0,0.0,0.0,002239.SZ,3.217
2052,002239.SZ,20161031,15.69,15.69,15.69,15.69,15.69,0.0,0.0,0.0,0.0,002239.SZ,3.217
2053,002239.SZ,20161101,15.69,15.69,15.69,15.69,15.69,0.0,0.0,0.0,0.0,002239.SZ,3.217
2054,002239.SZ,20161102,15.69,15.69,15.69,15.69,15.69,0.0,0.0,0.0,0.0,002239.SZ,3.217
2055,002239.SZ,20161103,15.69,15.69,15.69,15.69,15.69,0.0,0.0,0.0,0.0,002239.SZ,3.217
2056,002239.SZ,20161104,15.69,15.69,15.69,15.69,15.69,0.0,0.0,0.0,0.0,002239.SZ,3.217
2057,002239.SZ,20161107,15.69,15.69,15.69,15.69,15.69,0.0,0.0,0.0,0.0,002239.SZ,3.217
2058,002239.SZ,20161108,15.69,15.69,15.69,15.69,15.69,0.0,0.0,0.0,0.0,002239.SZ,3.217
2059,002239.SZ,20161109,15.69,15.69,15.69,15.69,15.69,0.0,0.0,0.0,0.0,002239.SZ,3.217
2060,002239.SZ,20161110,15.69,15.69,15.69,15.69,15.69,0.0,0.0,0.0,0.0,002239.SZ,3.217
2061,002239.SZ,20161111,15.69,15.69,15.69,15.69,15.69,0.0,0.0,0.0,0.0,002239.SZ,3.217
2062,002239.SZ,20161114,15.69,15.69,15.69,15.69,15.69,0.0,0.0,0.0,0.0,002239.SZ,3.217
2063,002239.SZ,20161115,15.69,15.69,15.69,15.69,15.69,0.0,0.0,0.0,0.0,002239.SZ,3.217
2064,002239.SZ,20161116,15.69,15.69,15.69,15.69,15.69,0.0,0.0,0.0,0.0,002239.SZ,3.217
2065,002239.SZ,20161117,15.69,15.69,15.69,15.69,15.69,0.0,0.0,0.0,0.0,002239.SZ,3.217
2066,002239.SZ,20161118,15.69,15.69,15.69,15.69,15.69,0.0,0.0,0.0,0.0,002239.SZ,3.217
2067,002239.SZ,20161121,15.69,15.69,15.69,15.69,15.69,0.0,0.0,0.0,0.0,002239.SZ,3.217
2068,002239.SZ,20161122,15.69,15.69,15.69,15.69,15.69,0.0,0.0,0.0,0.0,002239.SZ,3.217
2069,002239.SZ,20161123,15.69,15.69,15.69,15.69,15.69,0.0,0.0,0.0,0.0,002239.SZ,3.217
2070,002239.SZ,20161124,15.69,15.69,15.69,15.69,15.69,0.0,0.0,0.0,0.0,002239.SZ,3.217
2071,002239.SZ,20161125,15.69,15.69,15.69,15.69,15.69,0.0,0.0,0.0,0.0,002239.SZ,3.217
2072,002239.SZ,20161128,15.69,15.69,15.69,15.69,15.69,0.0,0.0,0.0,0.0,002239.SZ,3.217
2073,002239.SZ,20161129,15.69,15.69,15.69,15.69,15.69,0.0,0.0,0.0,0.0,002239.SZ,3.217
2074,002239.SZ,20161130,15.69,15.69,15.69,15.69,15.69,0.0,0.0,0.0,0.0,002239.SZ,3.217
2075,002239.SZ,20161201,15.69,15.69,15.69,15.69,15.69,0.0,0.0,0.0,0.0,002239.SZ,3.217
2076,002239.SZ,20161202,15.69,15.69,15.69,15.69,15.69,0.0,0.0,0.0,0.0,002239.SZ,3.217
2077,002239.SZ,20161205,15.69,15.69,15.69,15.69,15.69,0.0,0.0,0.0,0.0,002239.SZ,3.217
2078,002239.SZ,20161206,15.69,15.69,15.69,15.69,15.69,0.0,0.0,0.0,0.0,002239.SZ,3.217
2079,002239.SZ,20161207,15.69,15.69,15.69,15.69,15.69,0.0,0.0,0.0,0.0,002239.SZ,3.217
2080,002239.SZ,20161208,15.69,15.69,15.69,15.69,15.69,0.0,0.0,0.0,0.0,002239.SZ,3.217
2081,002239.SZ,20161209,15.69,15.69,15.69,15.69,15.69,0.0,0.0,0.0,0.0,002239.SZ,3.217
2082,002239.SZ,20161212,15.69,15.69,15.69,15.69,15.69,0.0,0.0,0.0,0.0,002239.SZ,3.217
2083,002239.SZ,20161213,15.69,15.69,15.69,15.69,15.69,0.0,0.0,0.0,0.0,002239.SZ,3.217
2084,002239.SZ,20161214,15.69,15.69,15.69,15.69,15.69,0.0,0.0,0.0,0.0,002239.SZ,3.217
2085,002239.SZ,20161215,15.69,15.69,15.69,15.69,15.69,0.0,0.0,0.0,0.0,002239.SZ,3.217
2086,002239.SZ,20161216,15.69,15.69,15.69,15.69,15.69,0.0,0.0,0.0,0.0,002239.SZ,3.217
2087,002239.SZ,20161219,15.69,15.69,15.69,15.69,15.69,0.0,0.0,0.0,0.0,002239.SZ,3.217
2088,002239.SZ,20161220,15.69,15.69,15.69,15.69,15.69,0.0,0.0,0.0,0.0,002239.SZ,3.217
2089,002239.SZ,20161221,15.69,15.69,15.69,15.69,15.69,0.0,0.0,0.0,0.0,002239.SZ,3.217
2090,002239.SZ,20161222,15.69,15.69,15.69,15.69,15.69,0.0,0.0,0.0,0.0,002239.SZ,3.217
2091,002239.SZ,20161223,15.69,15.69,15.69,15.69,15.69,0.0,0.0,0.0,0.0,002239.SZ,3.217
2092,002239.SZ,20161226,15.69,15.69,15.69,15.69,15.69,0.0,0.0,0.0,0.0,002239.SZ,3.217
2093,002239.SZ,20161227,15.69,15.69,15.69,15.69,15.69,0.0,0.0,0.0,0.0,002239.SZ,3.217
2094,002239.SZ,20161228,15.69,15.69,15.69,15.69,15.69,0.0,0.0,0.0,0.0,002239.SZ,3.217
2095,002239.SZ,20161229,15.69,15.69,15.69,15.69,15.69,0.0,0.0,0.0,0.0,002239.SZ,3.217
2096,002239.SZ,20161230,15.69,15.69,15.69,15.69,15.69,0.0,0.0,0.0,0.0,002239.SZ,3.217
2097,002239.SZ,20170103,15.69,15.69,15.69,15.69,15.69,0.0,0.0,0.0,0.0,002239.SZ,3.217
2098,002239.SZ,20170104,15.69,15.69,15.69,15.69,15.69,0.0,0.0,0.0,0.0,002239.SZ,3.217
2099,002239.SZ,20170105,15.69,15.69,15.69,15.69,15.69,0.0,0.0,0.0,0.0,002239.SZ,3.217
2100,002239.SZ,20170106,15.69,15.69,15.69,15.69,15.69,0.0,0.0,0.0,0.0,002239.SZ,3.217
2101,002239.SZ,20170109,15.69,15.69,15.69,15.69,15.69,0.0,0.0,0.0,0.0,002239.SZ,3.217
2102,002239.SZ,20170110,15.69,15.69,15.69,15.69,15.69,0.0,0.0,0.0,0.0,002239.SZ,3.217
2103,002239.SZ,20170111,15.69,15.69,15.69,15.69,15.69,0.0,0.0,0.0,0.0,002239.SZ,3.217
2104,002239.SZ,20170112,15.69,15.69,15.69,15.69,15.69,0.0,0.0,0.0,0.0,002239.SZ,3.217
2105,002239.SZ,20170113,15.69,15.69,15.69,15.69,15.69,0.0,0.0,0.0,0.0,002239.SZ,3.217
2106,002239.SZ,20170116,15.69,15.69,15.69,15.69,15.69,0.0,0.0,0.0,0.0,002239.SZ,3.217
2107,002239.SZ,20170117,15.69,15.69,15.69,15.69,15.69,0.0,0.0,0.0,0.0,002239.SZ,3.217
2108,002239.SZ,20170118,15.69,15.69,15.69,15.69,15.69,0.0,0.0,0.0,0.0,002239.SZ,3.217
2109,002239.SZ,20170119,15.69,15.69,15.69,15.69,15.69,0.0,0.0,0.0,0.0,002239.SZ,3.217
2110,002239.SZ,20170120,15.69,15.69,15.69,15.69,15.69,0.0,0.0,0.0,0.0,002239.SZ,3.217
2111,002239.SZ,20170123,15.69,15.69,15.69,15.69,15.69,0.0,0.0,0.0,0.0,002239.SZ,3.217
2112,002239.SZ,20170124,15.69,15.69,15.69,15.69,15.69,0.0,0.0,0.0,0.0,002239.SZ,3.217
2113,002239.SZ,20170125,15.69,15.69,15.69,15.69,15.69,0.0,0.0,0.0,0.0,002239.SZ,3.217
2114,002239.SZ,20170126,15.69,15.69,15.69,15.69,15.69,0.0,0.0,0.0,0.0,002239.SZ,3.217
2115,002239.SZ,20170203,15.69,15.69,15.69,15.69,15.69,0.0,0.0,0.0,0.0,002239.SZ,3.217
2116,002239.SZ,20170206,15.69,15.69,15.69,15.69,15.69,0.0,0.0,0.0,0.0,002239.SZ,3.217
2117,002239.SZ,20170207,14.12,17.26,14.12,16.69,15.69,1.0,6.37,780005.12,1126756.611,002239.SZ,3.217
2118,002239.SZ,20170208,15.22,15.99,15.04,15.15,16.69,-1.54,-9.23,586159.25,905261.935,002239.SZ,3.217
2119,002239.SZ,20170209,14.7,15.5,14.5,14.83,15.15,-0.32,-2.11,368641.36,550555.851,002239.SZ,3.217
2120,002239.SZ,20170210,14.56,14.83,14.23,14.27,14.83,-0.56,-3.78,272913.2,394063.989,002239.SZ,3.217
2121,002239.SZ,20170213,14.16,14.37,13.73,14.02,14.27,-0.25,-1.75,205352.15,287335.571,002239.SZ,3.217
2122,002239.SZ,20170214,13.99,14.14,13.9,13.97,14.02,-0.05,-0.36,131002.18,183127.109,002239.SZ,3.217
2123,002239.SZ,20170215,13.92,14.08,13.8,13.85,13.97,-0.12,-0.86,122166.93,170321.919,002239.SZ,3.217
2124,002239.SZ,20170216,13.9,13.91,13.6,13.68,13.85,-0.17,-1.23,133605.45,183091.298,002239.SZ,3.217
2125,002239.SZ,20170217,13.68,13.68,13.17,13.28,13.68,-0.4,-2.92,159994.56,214219.147,002239.SZ,3.217
2126,002239.SZ,20170220,13.17,13.44,13.11,13.35,13.28,0.07,0.53,94906.12,126320.247,002239.SZ,3.217
2127,002239.SZ,20170221,13.36,13.57,13.22,13.52,13.35,0.17,1.27,118983.38,159771.308,002239.SZ,3.217
2128,002239.SZ,20170222,13.45,13.51,13.3,13.34,13.52,-0.18,-1.33,86824.83,116240.471,002239.SZ,3.217
2129,002239.SZ,20170223,13.34,13.4,13.23,13.26,13.34,-0.08,-0.6,74704.66,99199.833,002239.SZ,3.217
2130,002239.SZ,20170224,13.26,13.33,13.22,13.32,13.26,0.06,0.45,59483.32,78998.666,002239.SZ,3.217
2131,002239.SZ,20170227,13.35,13.75,13.23,13.6,13.32,0.28,2.1,168150.61,227167.83,002239.SZ,3.217
2132,002239.SZ,20170228,14.85,14.85,14.14,14.17,13.6,0.57,4.19,353920.12,509542.929,002239.SZ,3.217
2133,002239.SZ,20170301,14.2,14.38,14.02,14.12,14.17,-0.05,-0.35,166083.09,234883.782,002239.SZ,3.217
2134,002239.SZ,20170302,14.1,14.17,13.87,13.88,14.12,-0.24,-1.7,118044.42,164788.92,002239.SZ,3.217
2135,002239.SZ,20170303,13.81,14.15,13.72,14.12,13.88,0.24,1.73,126309.97,177201.685,002239.SZ,3.217
2136,002239.SZ,20170306,14.12,14.27,14.06,14.18,14.12,0.06,0.42,88482.9,125335.793,002239.SZ,3.217
2137,002239.SZ,20170307,14.21,14.26,14.11,14.21,14.18,0.03,0.21,79524.06,112683.607,002239.SZ,3.217
2138,002239.SZ,20170308,14.2,14.2,14.05,14.06,14.21,-0.15,-1.06,67157.55,94807.465,002239.SZ,3.217
2139,002239.SZ,20170309,14.05,14.12,13.82,13.82,14.06,-0.24,-1.71,69017.24,95985.818,002239.SZ,3.217
2140,002239.SZ,20170310,13.81,14.06,13.8,14.01,13.82,0.19,1.37,69946.49,97612.648,002239.SZ,3.217
2141,002239.SZ,20170313,14.1,14.22,14.08,14.13,14.01,0.12,0.86,94554.69,133873.444,002239.SZ,3.217
2142,002239.SZ,20170314,14.1,14.14,13.98,13.99,14.13,-0.14,-0.99,83367.51,117101.805,002239.SZ,3.217
2143,002239.SZ,20170315,13.92,14.03,13.85,13.97,13.99,-0.02,-0.14,44883.7,62579.054,002239.SZ,3.217
2144,002239.SZ,20170316,13.97,14.13,13.97,14.09,13.97,0.12,0.86,64536.81,90810.187,002239.SZ,3.217
2145,002239.SZ,20170317,14.18,14.27,14.07,14.1,14.09,0.01,0.07,104639.23,148273.886,002239.SZ,3.217
2146,002239.SZ,20170320,14.09,14.18,14.04,14.13,14.1,0.03,0.21,60333.35,85097.672,002239.SZ,3.217
2147,002239.SZ,20170321,14.15,14.38,14.12,14.29,14.13,0.16,1.13,119282.71,170198.867,002239.SZ,3.217
2148,002239.SZ,20170322,14.19,14.27,14.05,14.09,14.29,-0.2,-1.4,75155.76,106239.801,002239.SZ,3.217
2149,002239.SZ,20170323,14.07,14.18,13.88,14.04,14.09,-0.05,-0.35,69968.13,98317.377,002239.SZ,3.217
2150,002239.SZ,20170324,13.96,14.09,13.9,13.97,14.04,-0.07,-0.5,52923.12,73867.947,002239.SZ,3.217
2151,002239.SZ,20170327,13.98,14.05,13.88,13.9,13.97,-0.07,-0.5,46240.02,64489.648,002239.SZ,3.217
2152,002239.SZ,20170328,14.07,14.36,14.04,14.09,13.9,0.19,1.37,98649.85,139999.738,002239.SZ,3.217
2153,002239.SZ,20170329,14.06,14.06,13.82,13.86,14.09,-0.23,-1.63,68412.89,95203.715,002239.SZ,3.217
2154,002239.SZ,20170330,13.87,13.87,13.32,13.34,13.86,-0.52,-3.75,72672.85,98467.491,002239.SZ,3.217
2155,002239.SZ,20170331,13.29,13.48,13.29,13.41,13.34,0.07,0.52,32526.32,43525.752,002239.SZ,3.217
2156,002239.SZ,20170405,13.66,13.99,13.53,13.9,13.41,0.49,3.65,76619.55,105680.943,002239.SZ,3.217
2157,002239.SZ,20170406,14.3,14.37,14.01,14.12,13.9,0.22,1.58,129674.87,183888.127,002239.SZ,3.217
2158,002239.SZ,20170407,14.17,14.17,13.95,14.02,14.12,-0.1,-0.71,57196.7,80207.874,002239.SZ,3.217
2159,002239.SZ,20170410,13.9,13.91,13.6,13.61,14.02,-0.41,-2.92,77133.65,105767.427,002239.SZ,3.217
2160,002239.SZ,20170411,13.6,13.86,13.5,13.83,13.61,0.22,1.62,51928.79,71086.666,002239.SZ,3.217
2161,002239.SZ,20170412,13.81,13.94,13.61,13.89,13.83,0.06,0.43,52205.07,72075.411,002239.SZ,3.217
2162,002239.SZ,20170413,13.83,13.98,13.78,13.98,13.89,0.09,0.65,39167.12,54493.987,002239.SZ,3.217
2163,002239.SZ,20170414,13.98,14.03,13.77,13.77,13.98,-0.21,-1.5,40615.29,56312.318,002239.SZ,3.217
2164,002239.SZ,20170417,13.7,13.7,13.49,13.53,13.77,-0.24,-1.74,34509.67,46760.204,002239.SZ,3.217
2165,002239.SZ,20170418,13.53,13.6,13.25,13.39,13.53,-0.14,-1.03,38154.74,51368.279,002239.SZ,3.217
2166,002239.SZ,20170419,13.3,13.52,13.2,13.47,13.39,0.08,0.6,32514.58,43436.542,002239.SZ,3.217
2167,002239.SZ,20170420,13.47,13.5,13.31,13.37,13.47,-0.1,-0.74,21387.57,28650.994,002239.SZ,3.217
2168,002239.SZ,20170421,13.4,13.49,13.33,13.37,13.37,0.0,0.0,18260.04,24477.177,002239.SZ,3.217
2169,002239.SZ,20170424,13.29,13.29,12.68,12.68,13.37,-0.69,-5.16,46181.1,59555.477,002239.SZ,3.217
2170,002239.SZ,20170425,12.67,12.83,12.51,12.64,12.68,-0.04,-0.32,25580.38,32370.215,002239.SZ,3.217
2171,002239.SZ,20170426,12.67,12.84,12.59,12.79,12.64,0.15,1.19,21147.91,26896.929,002239.SZ,3.217
2172,002239.SZ,20170427,12.79,12.79,12.26,12.41,12.79,-0.38,-2.97,61634.93,76480.708,002239.SZ,3.217
2173,002239.SZ,20170428,12.43,12.43,12.24,12.31,12.41,-0.1,-0.81,35855.81,44126.768,002239.SZ,3.217
2174,002239.SZ,20170502,12.35,12.35,12.02,12.07,12.31,-0.24,-1.95,42317.82,51388.457,002239.SZ,3.217
2175,002239.SZ,20170503,12.35,12.66,12.35,12.52,12.07,0.45,3.73,66597.36,83364.931,002239.SZ,3.217
2176,002239.SZ,20170504,12.42,12.59,12.34,12.39,12.52,-0.13,-1.04,42531.89,53021.563,002239.SZ,3.217
2177,002239.SZ,20170505,12.36,12.57,12.35,12.49,12.39,0.1,0.81,35975.22,44784.785,002239.SZ,3.217
2178,002239.SZ,20170508,12.41,12.49,12.25,12.29,12.49,-0.2,-1.6,23223.97,28734.508,002239.SZ,3.217
2179,002239.SZ,20170509,12.35,12.37,12.2,12.33,12.29,0.04,0.33,22394.98,27522.806,002239.SZ,3.217
2180,002239.SZ,20170510,12.31,12.38,12.01,12.02,12.33,-0.31,-2.51,27709.88,33841.999,002239.SZ,3.217
2181,002239.SZ,20170511,12.02,12.05,11.03,11.51,12.02,-0.51,-4.24,65659.21,75220.102,002239.SZ,3.217
2182,002239.SZ,20170512,11.49,11.58,11.24,11.55,11.51,0.04,0.35,33619.81,38295.783,002239.SZ,3.217
2183,002239.SZ,20170515,11.54,11.57,11.38,11.39,11.55,-0.16,-1.39,31579.44,36187.087,002239.SZ,3.217
2184,002239.SZ,20170516,11.4,11.57,11.09,11.54,11.39,0.15,1.32,49172.6,55827.357,002239.SZ,3.217
2185,002239.SZ,20170517,11.69,11.84,11.63,11.67,11.54,0.13,1.13,50124.61,58874.718,002239.SZ,3.217
2186,002239.SZ,20170518,11.48,11.57,11.36,11.45,11.67,-0.22,-1.89,34511.01,39567.368,002239.SZ,3.217
2187,002239.SZ,20170519,11.38,11.69,11.36,11.67,11.45,0.22,1.92,25298.02,29172.866,002239.SZ,3.217
2188,002239.SZ,20170522,11.65,11.78,11.46,11.57,11.67,-0.1,-0.86,24408.02,28303.79,002239.SZ,3.217
2189,002239.SZ,20170523,11.58,11.6,11.41,11.49,11.57,-0.08,-0.69,20388.2,23410.846,002239.SZ,3.217
2190,002239.SZ,20170524,11.49,11.68,11.43,11.6,11.49,0.11,0.96,28596.54,33068.621,002239.SZ,3.217
2191,002239.SZ,20170525,11.62,11.72,11.41,11.68,11.6,0.08,0.69,31011.55,35867.709,002239.SZ,3.217
2192,002239.SZ,20170526,11.61,11.74,11.59,11.68,11.68,0.0,0.0,22011.17,25715.321,002239.SZ,3.217
2193,002239.SZ,20170531,11.84,11.89,11.67,11.68,11.68,0.0,0.0,21922.44,25817.235,002239.SZ,3.217
2194,002239.SZ,20170601,11.68,11.68,11.35,11.48,11.68,-0.2,-1.71,23562.0,27095.293,002239.SZ,3.217
2195,002239.SZ,20170602,11.39,11.55,11.35,11.53,11.48,0.05,0.44,17897.23,20501.25,002239.SZ,3.217
2196,002239.SZ,20170605,11.53,11.67,11.42,11.64,11.53,0.11,0.95,16742.93,19411.576,002239.SZ,3.217
2197,002239.SZ,20170606,11.59,11.77,11.53,11.72,11.64,0.08,0.69,21782.0,25503.823,002239.SZ,3.217
2198,002239.SZ,20170607,11.75,12.25,11.72,12.19,11.72,0.47,4.01,55902.1,67248.445,002239.SZ,3.217
2199,002239.SZ,20170608,12.1,12.31,12.1,12.24,12.19,0.05,0.41,35894.98,43870.562,002239.SZ,3.217
2200,002239.SZ,20170609,12.28,12.3,12.15,12.3,12.24,0.06,0.49,25323.41,31002.965,002239.SZ,3.217
2201,002239.SZ,20170612,12.44,12.52,12.3,12.31,12.3,0.01,0.08,50214.1,62277.692,002239.SZ,3.217
2202,002239.SZ,20170613,12.19,12.94,12.19,12.75,12.31,0.44,3.57,78314.62,99081.76,002239.SZ,3.217
2203,002239.SZ,20170614,12.83,12.86,12.57,12.69,12.75,-0.06,-0.47,67767.29,85893.468,002239.SZ,3.217
2204,002239.SZ,20170615,12.65,13.07,12.65,13.02,12.69,0.33,2.6,58198.38,75147.293,002239.SZ,3.217
2205,002239.SZ,20170616,13.02,13.2,12.91,12.98,13.02,-0.04,-0.31,44877.71,58416.104,002239.SZ,3.217
2206,002239.SZ,20170619,13.05,13.11,12.67,12.75,12.98,-0.23,-1.77,58164.14,74521.681,002239.SZ,3.217
2207,002239.SZ,20170620,4.55,4.59,4.46,4.52,4.53,-0.01,-0.22,91147.3,41106.179,002239.SZ,9.055
2208,002239.SZ,20170621,4.55,4.55,4.41,4.42,4.52,-0.1,-2.21,93098.21,41421.553,002239.SZ,9.055
2209,002239.SZ,20170622,4.44,4.44,4.19,4.21,4.42,-0.21,-4.75,161032.6,69329.534,002239.SZ,9.055
2210,002239.SZ,20170623,4.22,4.25,4.13,4.25,4.21,0.04,0.95,99714.32,42061.287,002239.SZ,9.055
2211,002239.SZ,20170626,4.24,4.33,4.17,4.3,4.25,0.05,1.18,79541.45,33920.152,002239.SZ,9.055
2212,002239.SZ,20170627,4.33,4.34,4.26,4.29,4.3,-0.01,-0.23,55492.7,23857.657,002239.SZ,9.055
2213,002239.SZ,20170628,4.26,4.31,4.25,4.28,4.29,-0.01,-0.23,51858.9,22140.77,002239.SZ,9.055
2214,002239.SZ,20170629,4.28,4.32,4.26,4.3,4.28,0.02,0.47,50302.51,21620.505,002239.SZ,9.055
2215,002239.SZ,20170630,4.31,4.33,4.27,4.33,4.3,0.03,0.7,41797.19,17990.398,002239.SZ,9.055
2216,002239.SZ,20170703,4.33,4.53,4.33,4.51,4.33,0.18,4.16,159357.41,71199.986,002239.SZ,9.055
2217,002239.SZ,20170704,4.49,4.66,4.48,4.54,4.51,0.03,0.67,150301.65,68771.311,002239.SZ,9.055
2218,002239.SZ,20170705,4.54,4.6,4.52,4.55,4.54,0.01,0.22,73361.2,33356.349,002239.SZ,9.055
2219,002239.SZ,20170706,4.52,4.57,4.52,4.55,4.55,0.0,0.0,83483.31,37930.915,002239.SZ,9.055
2220,002239.SZ,20170707,4.54,4.55,4.49,4.51,4.55,-0.04,-0.88,65520.4,29544.364,002239.SZ,9.055
2221,002239.SZ,20170710,4.49,4.5,4.4,4.42,4.51,-0.09,-2.0,79719.7,35414.026,002239.SZ,9.055
2222,002239.SZ,20170711,4.42,4.45,4.34,4.37,4.42,-0.05,-1.13,91817.0,40231.178,002239.SZ,9.055
2223,002239.SZ,20170712,4.36,4.36,4.23,4.31,4.37,-0.06,-1.37,104647.54,44840.54,002239.SZ,9.055
2224,002239.SZ,20170713,4.28,4.34,4.26,4.3,4.31,-0.01,-0.23,50424.8,21741.814,002239.SZ,9.055
2225,002239.SZ,20170714,4.31,4.33,4.27,4.29,4.3,-0.01,-0.23,45748.8,19654.377,002239.SZ,9.055
2226,002239.SZ,20170717,4.32,4.32,4.01,4.1,4.29,-0.19,-4.43,102546.48,42473.889,002239.SZ,9.055
2227,002239.SZ,20170718,4.09,4.12,4.02,4.1,4.1,0.0,0.0,74341.37,30246.956,002239.SZ,9.055
2228,002239.SZ,20170719,4.08,4.15,4.04,4.15,4.1,0.05,1.22,72802.2,29880.587,002239.SZ,9.055
2229,002239.SZ,20170720,4.14,4.16,4.1,4.13,4.15,-0.02,-0.48,65603.8,27086.971,002239.SZ,9.055
2230,002239.SZ,20170721,4.11,4.11,4.08,4.08,4.13,-0.05,-1.21,51075.2,20884.266,002239.SZ,9.055
2231,002239.SZ,20170724,4.08,4.09,4.01,4.06,4.08,-0.02,-0.49,69196.06,28036.56,002239.SZ,9.055
2232,002239.SZ,20170725,4.07,4.27,4.04,4.24,4.06,0.18,4.43,157484.29,65985.656,002239.SZ,9.055
2233,002239.SZ,20170726,4.24,4.24,4.16,4.21,4.24,-0.03,-0.71,75676.45,31739.025,002239.SZ,9.055
2234,002239.SZ,20170727,4.18,4.25,4.15,4.21,4.21,0.0,0.0,71272.24,29951.164,002239.SZ,9.055
2235,002239.SZ,20170728,4.2,4.21,4.17,4.2,4.21,-0.01,-0.24,44618.14,18701.948,002239.SZ,9.055
2236,002239.SZ,20170731,4.19,4.21,4.16,4.2,4.2,0.0,0.0,60315.94,25217.992,002239.SZ,9.055
2237,002239.SZ,20170801,4.18,4.62,4.17,4.46,4.2,0.26,6.19,427118.86,191376.296,002239.SZ,9.055
2238,002239.SZ,20170802,4.46,4.46,4.28,4.32,4.46,-0.14,-3.14,225470.28,97881.17,002239.SZ,9.055
2239,002239.SZ,20170803,4.3,4.3,4.21,4.25,4.32,-0.07,-1.62,117967.08,50162.96,002239.SZ,9.055
2240,002239.SZ,20170804,4.24,4.36,4.22,4.28,4.25,0.03,0.71,105761.86,45482.615,002239.SZ,9.055
2241,002239.SZ,20170807,4.28,4.28,4.18,4.21,4.28,-0.07,-1.64,101928.4,42928.842,002239.SZ,9.055
2242,002239.SZ,20170808,4.21,4.33,4.19,4.24,4.21,0.03,0.71,94954.73,40387.451,002239.SZ,9.055
2243,002239.SZ,20170809,4.24,4.25,4.21,4.23,4.24,-0.01,-0.24,43157.72,18236.81,002239.SZ,9.055
2244,002239.SZ,20170810,4.23,4.24,4.15,4.16,4.23,-0.07,-1.65,79350.46,33191.101,002239.SZ,9.055
2245,002239.SZ,20170811,4.17,4.2,4.11,4.15,4.16,-0.01,-0.24,67788.39,28119.248,002239.SZ,9.055
2246,002239.SZ,20170814,4.14,4.2,4.13,4.19,4.15,0.04,0.96,47897.25,20012.994,002239.SZ,9.055
2247,002239.SZ,20170815,4.15,4.2,4.15,4.19,4.19,0.0,0.0,42060.54,17584.565,002239.SZ,9.055
2248,002239.SZ,20170816,4.19,4.2,4.17,4.19,4.19,0.0,0.0,43606.16,18228.492,002239.SZ,9.055
2249,002239.SZ,20170817,4.2,4.22,4.19,4.2,4.19,0.01,0.24,52549.3,22060.328,002239.SZ,9.055
2250,002239.SZ,20170818,4.2,4.2,4.16,4.18,4.2,-0.02,-0.48,41515.6,17349.826,002239.SZ,9.055
2251,002239.SZ,20170821,4.19,4.2,4.16,4.2,4.18,0.02,0.48,44145.46,18461.279,002239.SZ,9.055
2252,002239.SZ,20170822,4.2,4.21,4.17,4.18,4.2,-0.02,-0.48,34133.18,14257.185,002239.SZ,9.055
2253,002239.SZ,20170823,4.17,4.18,4.14,4.15,4.18,-0.03,-0.72,43371.6,18037.357,002239.SZ,9.055
2254,002239.SZ,20170824,4.15,4.16,4.1,4.11,4.15,-0.04,-0.96,50686.8,20903.763,002239.SZ,9.055
2255,002239.SZ,20170825,4.08,4.15,4.08,4.14,4.11,0.03,0.73,34461.48,14243.411,002239.SZ,9.055
2256,002239.SZ,20170828,4.12,4.14,4.1,4.11,4.14,-0.03,-0.72,117455.29,48328.991,002239.SZ,9.055
2257,002239.SZ,20170829,4.11,4.12,4.09,4.1,4.11,-0.01,-0.24,61372.4,25160.586,002239.SZ,9.055
2258,002239.SZ,20170830,4.1,4.14,4.09,4.12,4.1,0.02,0.49,59554.15,24482.81,002239.SZ,9.055
2259,002239.SZ,20170831,4.12,4.12,4.08,4.09,4.12,-0.03,-0.73,62371.12,25520.784,002239.SZ,9.055
2260,002239.SZ,20170901,4.1,4.1,4.08,4.1,4.09,0.01,0.24,57497.04,23508.965,002239.SZ,9.055
2261,002239.SZ,20170904,4.09,4.1,4.05,4.08,4.1,-0.02,-0.49,95321.04,38713.132,002239.SZ,9.055
2262,002239.SZ,20170905,4.07,4.09,4.05,4.08,4.08,0.0,0.0,50556.0,20550.175,002239.SZ,9.055
2263,002239.SZ,20170906,4.06,4.11,4.04,4.1,4.08,0.02,0.49,73125.18,29785.416,002239.SZ,9.055
2264,002239.SZ,20170907,4.1,4.1,4.03,4.04,4.1,-0.06,-1.46,147348.48,59773.438,002239.SZ,9.055
2265,002239.SZ,20170908,4.04,4.05,3.99,4.01,4.04,-0.03,-0.74,164816.24,66149.751,002239.SZ,9.055
2266,002239.SZ,20170911,4.41,4.41,4.41,4.41,4.01,0.4,9.98,431230.11,190172.478,002239.SZ,9.055
2267,002239.SZ,20170912,4.85,4.85,4.85,4.85,4.41,0.44,9.98,192993.57,93601.881,002239.SZ,9.055
2268,002239.SZ,20170913,5.05,5.34,4.96,5.34,4.85,0.49,10.1,2471545.11,1290109.255,002239.SZ,9.055
2269,002239.SZ,20170914,5.73,5.87,5.49,5.6,5.34,0.26,4.87,3042018.47,1736707.157,002239.SZ,9.055
2270,002239.SZ,20170915,5.32,5.37,5.1,5.2,5.6,-0.4,-7.14,1868389.52,978046.535,002239.SZ,9.055
2271,002239.SZ,20170918,5.2,5.29,5.05,5.19,5.2,-0.01,-0.19,1161697.28,602757.199,002239.SZ,9.055
2272,002239.SZ,20170919,5.2,5.4,5.16,5.25,5.19,0.06,1.16,1463830.25,772933.118,002239.SZ,9.055
2273,002239.SZ,20170920,5.13,5.31,5.03,5.31,5.25,0.06,1.14,1145046.81,589268.522,002239.SZ,9.055
2274,002239.SZ,20170921,5.25,5.29,5.13,5.16,5.31,-0.15,-2.82,771956.03,400965.997,002239.SZ,9.055
2275,002239.SZ,20170922,5.08,5.22,5.01,5.03,5.16,-0.13,-2.52,629895.06,320800.634,002239.SZ,9.055
2276,002239.SZ,20170925,5.06,5.08,4.67,4.72,5.03,-0.31,-6.16,770615.42,372336.194,002239.SZ,9.055
2277,002239.SZ,20170926,4.78,4.78,4.69,4.74,4.72,0.02,0.42,395764.55,187118.863,002239.SZ,9.055
2278,002239.SZ,20170927,4.77,4.91,4.74,4.8,4.74,0.06,1.27,571973.47,276850.138,002239.SZ,9.055
2279,002239.SZ,20170928,4.7,4.92,4.69,4.77,4.8,-0.03,-0.63,464411.61,223774.969,002239.SZ,9.055
2280,002239.SZ,20170929,4.79,4.83,4.7,4.75,4.77,-0.02,-0.42,400765.62,190012.757,002239.SZ,9.055
2281,002239.SZ,20171009,4.78,4.93,4.77,4.87,4.75,0.12,2.53,524998.65,255042.399,002239.SZ,9.055
2282,002239.SZ,20171010,4.85,4.86,4.77,4.82,4.87,-0.05,-1.03,330621.39,158728.017,002239.SZ,9.055
2283,002239.SZ,20171011,4.77,4.8,4.68,4.69,4.82,-0.13,-2.7,358589.89,169472.002,002239.SZ,9.055
2284,002239.SZ,20171012,4.68,4.73,4.6,4.7,4.69,0.01,0.21,311979.7,145223.845,002239.SZ,9.055
2285,002239.SZ,20171013,4.68,4.68,4.64,4.67,4.7,-0.03,-0.64,165475.01,77160.417,002239.SZ,9.055
2286,002239.SZ,20171016,4.66,4.67,4.5,4.5,4.67,-0.17,-3.64,290103.37,132166.16,002239.SZ,9.055
2287,002239.SZ,20171017,4.5,4.56,4.48,4.52,4.5,0.02,0.44,130920.12,59208.951,002239.SZ,9.055
2288,002239.SZ,20171018,4.52,4.54,4.4,4.4,4.52,-0.12,-2.65,222346.79,99074.18,002239.SZ,9.055
2289,002239.SZ,20171019,4.39,4.43,4.3,4.38,4.4,-0.02,-0.45,208717.5,91048.641,002239.SZ,9.055
2290,002239.SZ,20171020,4.38,4.46,4.35,4.45,4.38,0.07,1.6,157960.92,69836.116,002239.SZ,9.055
2291,002239.SZ,20171023,4.44,4.46,4.4,4.42,4.45,-0.03,-0.67,114407.67,50544.244,002239.SZ,9.055
2292,002239.SZ,20171024,4.44,4.44,4.33,4.36,4.42,-0.06,-1.36,155175.0,67652.111,002239.SZ,9.055
2293,002239.SZ,20171025,4.36,4.39,4.33,4.39,4.36,0.03,0.69,100664.0,43985.71,002239.SZ,9.055
2294,002239.SZ,20171026,4.36,4.39,4.31,4.34,4.39,-0.05,-1.14,214533.06,93234.153,002239.SZ,9.055
2295,002239.SZ,20171027,4.33,4.36,4.19,4.21,4.34,-0.13,-3.0,264761.52,112903.574,002239.SZ,9.055
2296,002239.SZ,20171030,4.2,4.2,4.05,4.05,4.21,-0.16,-3.8,312847.34,127930.247,002239.SZ,9.055
2297,002239.SZ,20171031,4.06,4.12,4.05,4.1,4.05,0.05,1.23,131755.52,53888.605,002239.SZ,9.055
2298,002239.SZ,20171101,4.1,4.13,4.07,4.1,4.1,0.0,0.0,103399.6,42472.489,002239.SZ,9.055
2299,002239.SZ,20171102,4.1,4.11,4.03,4.06,4.1,-0.04,-0.98,133566.33,54157.783,002239.SZ,9.055
2300,002239.SZ,20171103,4.06,4.08,4.04,4.07,4.06,0.01,0.25,105975.6,42960.276,002239.SZ,9.055
2301,002239.SZ,20171106,4.08,4.11,4.03,4.1,4.07,0.03,0.74,123201.19,50048.748,002239.SZ,9.055
2302,002239.SZ,20171107,4.07,4.08,4.03,4.07,4.1,-0.03,-0.73,150071.1,60836.462,002239.SZ,9.055
2303,002239.SZ,20171108,4.07,4.17,4.06,4.13,4.07,0.06,1.47,221707.0,91487.87,002239.SZ,9.055
2304,002239.SZ,20171109,4.14,4.24,4.12,4.17,4.13,0.04,0.97,203624.81,85072.036,002239.SZ,9.055
2305,002239.SZ,20171110,4.15,4.16,4.08,4.1,4.17,-0.07,-1.68,157400.3,64606.296,002239.SZ,9.055
2306,002239.SZ,20171113,4.07,4.09,4.03,4.05,4.1,-0.05,-1.22,202432.25,81961.954,002239.SZ,9.055
2307,002239.SZ,20171114,4.04,4.07,4.02,4.05,4.05,0.0,0.0,118502.19,47827.799,002239.SZ,9.055
2308,002239.SZ,20171115,4.04,4.04,3.99,4.02,4.05,-0.03,-0.74,105352.54,42271.555,002239.SZ,9.055
2309,002239.SZ,20171116,4.02,4.05,4.0,4.02,4.02,0.0,0.0,103703.75,41722.277,002239.SZ,9.055
2310,002239.SZ,20171117,4.04,4.04,3.84,3.88,4.02,-0.14,-3.48,214380.38,84584.089,002239.SZ,9.055
2311,002239.SZ,20171120,3.83,3.88,3.73,3.87,3.88,-0.01,-0.26,152657.13,57895.085,002239.SZ,9.055
2312,002239.SZ,20171121,3.84,3.85,3.77,3.78,3.87,-0.09,-2.33,119000.68,45316.643,002239.SZ,9.055
2313,002239.SZ,20171122,3.89,4.16,3.89,4.16,3.78,0.38,10.05,123901.1,50898.162,002239.SZ,9.055
2314,002239.SZ,20171123,4.37,4.53,4.18,4.22,4.16,0.06,1.44,980220.29,424482.916,002239.SZ,9.055
2315,002239.SZ,20171124,4.08,4.15,4.02,4.12,4.22,-0.1,-2.37,370382.49,151784.638,002239.SZ,9.055
2316,002239.SZ,20171127,4.1,4.1,4.0,4.0,4.12,-0.12,-2.91,253122.1,101952.184,002239.SZ,9.055
2317,002239.SZ,20171128,3.96,4.0,3.9,4.0,4.0,0.0,0.0,258649.14,102236.102,002239.SZ,9.055
2318,002239.SZ,20171129,3.96,3.98,3.9,3.98,4.0,-0.02,-0.5,194503.24,76595.138,002239.SZ,9.055
2319,002239.SZ,20171130,3.93,3.96,3.89,3.89,3.98,-0.09,-2.26,148430.0,58192.866,002239.SZ,9.055
2320,002239.SZ,20171201,3.87,3.93,3.84,3.91,3.89,0.02,0.51,145160.87,56507.947,002239.SZ,9.055
2321,002239.SZ,20171204,3.89,3.89,3.82,3.83,3.91,-0.08,-2.05,128882.8,49702.536,002239.SZ,9.055
2322,002239.SZ,20171205,3.83,3.83,3.68,3.71,3.83,-0.12,-3.13,201785.47,75453.117,002239.SZ,9.055
2323,002239.SZ,20171206,3.7,3.76,3.68,3.76,3.71,0.05,1.35,97865.0,36439.545,002239.SZ,9.055
2324,002239.SZ,20171207,3.77,3.87,3.74,3.81,3.76,0.05,1.33,145424.34,55621.59,002239.SZ,9.055
2325,002239.SZ,20171208,4.01,4.19,3.91,3.96,3.81,0.15,3.94,322598.92,128965.505,002239.SZ,9.055
2326,002239.SZ,20171211,3.91,4.02,3.91,3.97,3.96,0.01,0.25,214943.71,85330.19,002239.SZ,9.055
2327,002239.SZ,20171212,3.96,3.99,3.91,3.96,3.97,-0.01,-0.25,153614.72,60588.867,002239.SZ,9.055
2328,002239.SZ,20171213,3.94,3.97,3.91,3.96,3.96,0.0,0.0,90130.36,35565.179,002239.SZ,9.055
2329,002239.SZ,20171214,3.98,4.08,3.98,4.03,3.96,0.07,1.77,202098.46,81453.557,002239.SZ,9.055
2330,002239.SZ,20171215,4.01,4.01,3.96,3.96,4.03,-0.07,-1.74,94567.7,37647.239,002239.SZ,9.055
2331,002239.SZ,20171218,4.1,4.19,4.0,4.0,3.96,0.04,1.01,158154.22,64150.432,002239.SZ,9.055
2332,002239.SZ,20171219,3.97,4.02,3.95,3.98,4.0,-0.02,-0.5,116251.0,46378.066,002239.SZ,9.055
2333,002239.SZ,20171220,3.98,4.01,3.94,3.98,3.98,0.0,0.0,97463.27,38692.905,002239.SZ,9.055
2334,002239.SZ,20171221,3.98,4.0,3.95,3.98,3.98,0.0,0.0,91546.6,36431.276,002239.SZ,9.055
2335,002239.SZ,20171222,3.99,4.05,3.96,4.01,3.98,0.03,0.75,83544.24,33437.888,002239.SZ,9.055
2336,002239.SZ,20171225,3.98,4.0,3.96,3.99,4.01,-0.02,-0.5,66487.65,26442.82,002239.SZ,9.055
2337,002239.SZ,20171226,3.97,4.03,3.96,4.03,3.99,0.04,1.0,94793.66,37908.479,002239.SZ,9.055
2338,002239.SZ,20171227,4.03,4.15,3.98,4.06,4.03,0.03,0.74,192004.71,77815.035,002239.SZ,9.055
2339,002239.SZ,20171228,4.03,4.09,4.02,4.04,4.06,-0.02,-0.49,147036.38,59704.915,002239.SZ,9.055
2340,002239.SZ,20171229,4.03,4.07,4.02,4.04,4.04,0.0,0.0,76230.88,30812.687,002239.SZ,9.055
2341,002239.SZ,20180102,4.03,4.07,4.01,4.05,4.04,0.01,0.25,87103.16,35203.716,002239.SZ,9.055
2342,002239.SZ,20180103,4.05,4.1,4.03,4.09,4.05,0.04,0.99,143060.84,58284.674,002239.SZ,9.055
2343,002239.SZ,20180104,4.07,4.13,4.06,4.11,4.09,0.02,0.49,108852.99,44605.385,002239.SZ,9.055
2344,002239.SZ,20180105,4.11,4.12,4.06,4.07,4.11,-0.04,-0.97,95783.68,39043.959,002239.SZ,9.055
2345,002239.SZ,20180108,4.07,4.09,4.04,4.05,4.07,-0.02,-0.49,104397.38,42345.384,002239.SZ,9.055
2346,002239.SZ,20180109,4.05,4.07,3.98,4.02,4.05,-0.03,-0.74,135174.33,54386.88,002239.SZ,9.055
2347,002239.SZ,20180110,3.99,4.01,3.93,3.95,4.02,-0.07,-1.74,125974.39,50010.126,002239.SZ,9.055
2348,002239.SZ,20180111,3.95,3.97,3.91,3.97,3.95,0.02,0.51,85150.6,33542.774,002239.SZ,9.055
2349,002239.SZ,20180112,3.97,3.99,3.93,3.93,3.97,-0.04,-1.01,71060.16,28024.013,002239.SZ,9.055
2350,002239.SZ,20180115,3.93,3.95,3.86,3.86,3.93,-0.07,-1.78,114687.66,44689.9,002239.SZ,9.055
2351,002239.SZ,20180116,3.85,3.9,3.84,3.87,3.86,0.01,0.26,82830.2,31983.11,002239.SZ,9.055
2352,002239.SZ,20180117,3.84,3.86,3.79,3.85,3.87,-0.02,-0.52,92846.3,35511.786,002239.SZ,9.055
2353,002239.SZ,20180118,3.84,3.85,3.81,3.84,3.85,-0.01,-0.26,88969.13,34046.322,002239.SZ,9.055
2354,002239.SZ,20180119,3.84,3.85,3.81,3.84,3.84,0.0,0.0,67952.6,26003.706,002239.SZ,9.055
2355,002239.SZ,20180122,3.83,3.86,3.8,3.84,3.84,0.0,0.0,95200.58,36446.705,002239.SZ,9.055
2356,002239.SZ,20180123,3.83,3.86,3.82,3.85,3.84,0.01,0.26,56920.2,21871.185,002239.SZ,9.055
2357,002239.SZ,20180124,3.83,3.85,3.82,3.84,3.85,-0.01,-0.26,74441.24,28491.814,002239.SZ,9.055
2358,002239.SZ,20180125,3.84,3.92,3.82,3.89,3.84,0.05,1.3,133779.8,51855.583,002239.SZ,9.055
2359,002239.SZ,20180126,3.88,3.95,3.86,3.91,3.89,0.02,0.51,84063.27,32800.977,002239.SZ,9.055
2360,002239.SZ,20180129,3.92,3.93,3.84,3.85,3.91,-0.06,-1.53,77665.15,30122.09,002239.SZ,9.055
2361,002239.SZ,20180130,3.85,3.86,3.82,3.83,3.85,-0.02,-0.52,47552.49,18207.262,002239.SZ,9.055
2362,002239.SZ,20180131,3.83,3.83,3.71,3.73,3.83,-0.1,-2.61,101809.6,38251.411,002239.SZ,9.055
2363,002239.SZ,20180201,3.73,3.75,3.52,3.64,3.73,-0.09,-2.41,129928.45,47798.261,002239.SZ,9.055
2364,002239.SZ,20180202,3.66,3.82,3.61,3.8,3.64,0.16,4.4,98465.26,36586.082,002239.SZ,9.055
2365,002239.SZ,20180205,3.78,3.81,3.7,3.79,3.8,-0.01,-0.26,54098.46,20380.9,002239.SZ,9.055
2366,002239.SZ,20180206,3.73,3.81,3.66,3.69,3.79,-0.1,-2.64,96872.69,36156.579,002239.SZ,9.055
2367,002239.SZ,20180207,3.77,3.79,3.68,3.71,3.69,0.02,0.54,76538.88,28603.495,002239.SZ,9.055
2368,002239.SZ,20180208,3.69,3.73,3.67,3.7,3.71,-0.01,-0.27,68856.87,25459.342,002239.SZ,9.055
2369,002239.SZ,20180209,3.65,3.66,3.53,3.59,3.7,-0.11,-2.97,101161.36,36310.396,002239.SZ,9.055
2370,002239.SZ,20180212,3.58,3.66,3.58,3.64,3.59,0.05,1.39,44629.6,16238.399,002239.SZ,9.055
2371,002239.SZ,20180213,3.69,3.69,3.62,3.64,3.64,0.0,0.0,46785.7,17057.692,002239.SZ,9.055
2372,002239.SZ,20180214,3.62,3.66,3.62,3.63,3.64,-0.01,-0.27,36719.4,13330.955,002239.SZ,9.055
2373,002239.SZ,20180222,3.63,3.7,3.62,3.68,3.63,0.05,1.38,84872.99,31052.72,002239.SZ,9.055
2374,002239.SZ,20180223,3.68,3.7,3.65,3.69,3.68,0.01,0.27,45048.4,16568.439,002239.SZ,9.055
2375,002239.SZ,20180226,3.71,3.73,3.67,3.72,3.69,0.03,0.81,57028.43,21120.616,002239.SZ,9.055
2376,002239.SZ,20180227,3.72,3.73,3.68,3.7,3.72,-0.02,-0.54,55786.41,20608.824,002239.SZ,9.055
2377,002239.SZ,20180228,3.67,3.68,3.64,3.67,3.7,-0.03,-0.81,46833.36,17166.39,002239.SZ,9.055
2378,002239.SZ,20180301,3.66,3.84,3.64,3.82,3.67,0.15,4.09,133060.8,49387.254,002239.SZ,9.055
2379,002239.SZ,20180302,3.77,3.79,3.74,3.74,3.82,-0.08,-2.09,82232.85,30895.163,002239.SZ,9.055
2380,002239.SZ,20180305,3.79,3.79,3.72,3.75,3.74,0.01,0.27,74207.08,27855.923,002239.SZ,9.055
2381,002239.SZ,20180306,3.76,3.83,3.75,3.8,3.75,0.05,1.33,111807.6,42404.757,002239.SZ,9.055
2382,002239.SZ,20180307,3.82,3.84,3.74,3.74,3.8,-0.06,-1.58,87643.0,33101.191,002239.SZ,9.055
2383,002239.SZ,20180308,3.74,3.76,3.71,3.75,3.74,0.01,0.27,70937.92,26485.966,002239.SZ,9.055
2384,002239.SZ,20180309,3.76,3.78,3.74,3.77,3.75,0.02,0.53,107714.6,40488.9,002239.SZ,9.055
2385,002239.SZ,20180312,3.79,3.93,3.75,3.85,3.77,0.08,2.12,276831.42,105798.76,002239.SZ,9.055
2386,002239.SZ,20180313,3.82,3.87,3.77,3.8,3.85,-0.05,-1.3,219093.38,83461.366,002239.SZ,9.055
2387,002239.SZ,20180314,3.81,3.87,3.78,3.86,3.8,0.06,1.58,185073.0,70903.217,002239.SZ,9.055
2388,002239.SZ,20180315,3.86,3.86,3.77,3.78,3.86,-0.08,-2.07,142269.85,54088.798,002239.SZ,9.055
2389,002239.SZ,20180316,3.75,3.82,3.75,3.81,3.78,0.03,0.79,105807.61,40161.629,002239.SZ,9.055
2390,002239.SZ,20180319,3.88,3.91,3.82,3.84,3.81,0.03,0.79,131586.37,50626.996,002239.SZ,9.055
2391,002239.SZ,20180320,3.81,3.87,3.77,3.82,3.84,-0.02,-0.52,91154.32,34672.015,002239.SZ,9.055
2392,002239.SZ,20180321,3.8,3.85,3.77,3.78,3.82,-0.04,-1.05,100853.0,38386.892,002239.SZ,9.055
2393,002239.SZ,20180322,3.77,3.79,3.72,3.74,3.78,-0.04,-1.06,90329.32,33808.715,002239.SZ,9.055
2394,002239.SZ,20180323,3.65,3.65,3.37,3.43,3.74,-0.31,-8.29,242266.36,85493.33,002239.SZ,9.055
2395,002239.SZ,20180326,3.38,3.48,3.29,3.47,3.43,0.04,1.17,108507.05,36739.977,002239.SZ,9.055
2396,002239.SZ,20180327,3.5,3.57,3.48,3.57,3.47,0.1,2.88,118370.5,41920.172,002239.SZ,9.055
2397,002239.SZ,20180328,3.49,3.55,3.48,3.53,3.57,-0.04,-1.12,60620.12,21363.528,002239.SZ,9.055
2398,002239.SZ,20180329,3.53,3.59,3.51,3.55,3.53,0.02,0.57,47510.66,16892.666,002239.SZ,9.055
2399,002239.SZ,20180330,3.56,3.66,3.54,3.63,3.55,0.08,2.25,101572.13,36640.228,002239.SZ,9.055
2400,002239.SZ,20180402,3.63,3.63,3.63,3.63,3.63,0.0,0.0,0.0,0.0,002239.SZ,9.055
2401,002239.SZ,20180403,3.63,3.63,3.63,3.63,3.63,0.0,0.0,0.0,0.0,002239.SZ,9.055
2402,002239.SZ,20180404,3.63,3.63,3.63,3.63,3.63,0.0,0.0,0.0,0.0,002239.SZ,9.055
2403,002239.SZ,20180409,3.63,3.63,3.63,3.63,3.63,0.0,0.0,0.0,0.0,002239.SZ,9.055
2404,002239.SZ,20180410,3.63,3.63,3.63,3.63,3.63,0.0,0.0,0.0,0.0,002239.SZ,9.055
2405,002239.SZ,20180411,3.63,3.63,3.63,3.63,3.63,0.0,0.0,0.0,0.0,002239.SZ,9.055
2406,002239.SZ,20180412,3.63,3.63,3.63,3.63,3.63,0.0,0.0,0.0,0.0,002239.SZ,9.055
2407,002239.SZ,20180413,3.63,3.63,3.63,3.63,3.63,0.0,0.0,0.0,0.0,002239.SZ,9.055
2408,002239.SZ,20180416,3.63,3.63,3.63,3.63,3.63,0.0,0.0,0.0,0.0,002239.SZ,9.055
2409,002239.SZ,20180417,3.63,3.63,3.63,3.63,3.63,0.0,0.0,0.0,0.0,002239.SZ,9.055
2410,002239.SZ,20180418,3.63,3.63,3.63,3.63,3.63,0.0,0.0,0.0,0.0,002239.SZ,9.055
2411,002239.SZ,20180419,3.63,3.63,3.63,3.63,3.63,0.0,0.0,0.0,0.0,002239.SZ,9.055
2412,002239.SZ,20180420,3.63,3.63,3.63,3.63,3.63,0.0,0.0,0.0,0.0,002239.SZ,9.055
2413,002239.SZ,20180423,3.63,3.63,3.63,3.63,3.63,0.0,0.0,0.0,0.0,002239.SZ,9.055
2414,002239.SZ,20180424,3.63,3.63,3.63,3.63,3.63,0.0,0.0,0.0,0.0,002239.SZ,9.055
2415,002239.SZ,20180425,3.63,3.63,3.63,3.63,3.63,0.0,0.0,0.0,0.0,002239.SZ,9.055
2416,002239.SZ,20180426,3.63,3.63,3.63,3.63,3.63,0.0,0.0,0.0,0.0,002239.SZ,9.055
2417,002239.SZ,20180427,3.63,3.63,3.63,3.63,3.63,0.0,0.0,0.0,0.0,002239.SZ,9.055
2418,002239.SZ,20180502,3.63,3.63,3.63,3.63,3.63,0.0,0.0,0.0,0.0,002239.SZ,9.055
2419,002239.SZ,20180503,3.63,3.63,3.63,3.63,3.63,0.0,0.0,0.0,0.0,002239.SZ,9.055
2420,002239.SZ,20180504,3.63,3.63,3.63,3.63,3.63,0.0,0.0,0.0,0.0,002239.SZ,9.055
2421,002239.SZ,20180507,3.63,3.63,3.63,3.63,3.63,0.0,0.0,0.0,0.0,002239.SZ,9.055
2422,002239.SZ,20180508,3.63,3.63,3.63,3.63,3.63,0.0,0.0,0.0,0.0,002239.SZ,9.055
2423,002239.SZ,20180509,3.63,3.63,3.63,3.63,3.63,0.0,0.0,0.0,0.0,002239.SZ,9.055
2424,002239.SZ,20180510,3.63,3.63,3.63,3.63,3.63,0.0,0.0,0.0,0.0,002239.SZ,9.055
2425,002239.SZ,20180511,3.63,3.63,3.63,3.63,3.63,0.0,0.0,0.0,0.0,002239.SZ,9.055
2426,002239.SZ,20180514,3.63,3.63,3.63,3.63,3.63,0.0,0.0,0.0,0.0,002239.SZ,9.055
2427,002239.SZ,20180515,3.63,3.63,3.63,3.63,3.63,0.0,0.0,0.0,0.0,002239.SZ,9.055
2428,002239.SZ,20180516,3.63,3.63,3.63,3.63,3.63,0.0,0.0,0.0,0.0,002239.SZ,9.055
2429,002239.SZ,20180517,3.63,3.63,3.63,3.63,3.63,0.0,0.0,0.0,0.0,002239.SZ,9.055
2430,002239.SZ,20180518,3.63,3.63,3.63,3.63,3.63,0.0,0.0,0.0,0.0,002239.SZ,9.055
2431,002239.SZ,20180521,3.63,3.63,3.63,3.63,3.63,0.0,0.0,0.0,0.0,002239.SZ,9.055
2432,002239.SZ,20180522,3.63,3.63,3.63,3.63,3.63,0.0,0.0,0.0,0.0,002239.SZ,9.055
2433,002239.SZ,20180523,3.63,3.63,3.63,3.63,3.63,0.0,0.0,0.0,0.0,002239.SZ,9.055
2434,002239.SZ,20180524,3.63,3.63,3.63,3.63,3.63,0.0,0.0,0.0,0.0,002239.SZ,9.055
2435,002239.SZ,20180525,3.63,3.63,3.63,3.63,3.63,0.0,0.0,0.0,0.0,002239.SZ,9.055
2436,002239.SZ,20180528,3.63,3.63,3.63,3.63,3.63,0.0,0.0,0.0,0.0,002239.SZ,9.055
2437,002239.SZ,20180529,3.63,3.63,3.63,3.63,3.63,0.0,0.0,0.0,0.0,002239.SZ,9.055
2438,002239.SZ,20180530,3.63,3.63,3.63,3.63,3.63,0.0,0.0,0.0,0.0,002239.SZ,9.055
2439,002239.SZ,20180531,3.63,3.63,3.63,3.63,3.63,0.0,0.0,0.0,0.0,002239.SZ,9.055
2440,002239.SZ,20180601,3.63,3.63,3.63,3.63,3.63,0.0,0.0,0.0,0.0,002239.SZ,9.055
2441,002239.SZ,20180604,3.63,3.63,3.63,3.63,3.63,0.0,0.0,0.0,0.0,002239.SZ,9.055
2442,002239.SZ,20180605,3.63,3.63,3.63,3.63,3.63,0.0,0.0,0.0,0.0,002239.SZ,9.055
2443,002239.SZ,20180606,3.63,3.63,3.63,3.63,3.63,0.0,0.0,0.0,0.0,002239.SZ,9.055
2444,002239.SZ,20180607,3.63,3.63,3.63,3.63,3.63,0.0,0.0,0.0,0.0,002239.SZ,9.055
2445,002239.SZ,20180608,3.63,3.63,3.63,3.63,3.63,0.0,0.0,0.0,0.0,002239.SZ,9.055
2446,002239.SZ,20180611,3.63,3.63,3.63,3.63,3.63,0.0,0.0,0.0,0.0,002239.SZ,9.055
2447,002239.SZ,20180612,3.63,3.63,3.63,3.63,3.63,0.0,0.0,0.0,0.0,002239.SZ,9.055
2448,002239.SZ,20180613,3.63,3.63,3.63,3.63,3.63,0.0,0.0,0.0,0.0,002239.SZ,9.055
2449,002239.SZ,20180614,3.63,3.63,3.63,3.63,3.63,0.0,0.0,0.0,0.0,002239.SZ,9.055
2450,002239.SZ,20180615,3.63,3.63,3.63,3.63,3.63,0.0,0.0,0.0,0.0,002239.SZ,9.055
2451,002239.SZ,20180619,3.63,3.63,3.63,3.63,3.63,0.0,0.0,0.0,0.0,002239.SZ,9.055
2452,002239.SZ,20180620,3.63,3.63,3.63,3.63,3.63,0.0,0.0,0.0,0.0,002239.SZ,9.055
2453,002239.SZ,20180621,3.63,3.63,3.63,3.63,3.63,0.0,0.0,0.0,0.0,002239.SZ,9.055
2454,002239.SZ,20180622,3.63,3.63,3.63,3.63,3.63,0.0,0.0,0.0,0.0,002239.SZ,9.055
2455,002239.SZ,20180625,3.63,3.63,3.63,3.63,3.63,0.0,0.0,0.0,0.0,002239.SZ,9.055
2456,002239.SZ,20180626,3.63,3.63,3.63,3.63,3.63,0.0,0.0,0.0,0.0,002239.SZ,9.055
2457,002239.SZ,20180627,3.63,3.63,3.63,3.63,3.63,0.0,0.0,0.0,0.0,002239.SZ,9.055
2458,002239.SZ,20180628,3.63,3.63,3.63,3.63,3.63,0.0,0.0,0.0,0.0,002239.SZ,9.055
2459,002239.SZ,20180629,3.62,3.62,3.62,3.62,3.62,0.0,0.0,0.0,0.0,002239.SZ,9.08
2460,002239.SZ,20180702,3.62,3.62,3.62,3.62,3.62,0.0,0.0,0.0,0.0,002239.SZ,9.08
2461,002239.SZ,20180703,3.62,3.62,3.62,3.62,3.62,0.0,0.0,0.0,0.0,002239.SZ,9.08
2462,002239.SZ,20180704,3.62,3.62,3.62,3.62,3.62,0.0,0.0,0.0,0.0,002239.SZ,9.08
2463,002239.SZ,20180705,3.62,3.62,3.62,3.62,3.62,0.0,0.0,0.0,0.0,002239.SZ,9.08
2464,002239.SZ,20180706,3.62,3.62,3.62,3.62,3.62,0.0,0.0,0.0,0.0,002239.SZ,9.08
2465,002239.SZ,20180709,3.62,3.62,3.62,3.62,3.62,0.0,0.0,0.0,0.0,002239.SZ,9.08
2466,002239.SZ,20180710,3.62,3.62,3.62,3.62,3.62,0.0,0.0,0.0,0.0,002239.SZ,9.08
2467,002239.SZ,20180711,3.62,3.62,3.62,3.62,3.62,0.0,0.0,0.0,0.0,002239.SZ,9.08
2468,002239.SZ,20180712,3.62,3.62,3.62,3.62,3.62,0.0,0.0,0.0,0.0,002239.SZ,9.08
2469,002239.SZ,20180713,3.62,3.62,3.62,3.62,3.62,0.0,0.0,0.0,0.0,002239.SZ,9.08
2470,002239.SZ,20180716,3.62,3.62,3.62,3.62,3.62,0.0,0.0,0.0,0.0,002239.SZ,9.08
2471,002239.SZ,20180717,3.62,3.62,3.62,3.62,3.62,0.0,0.0,0.0,0.0,002239.SZ,9.08
2472,002239.SZ,20180718,3.62,3.62,3.62,3.62,3.62,0.0,0.0,0.0,0.0,002239.SZ,9.08
2473,002239.SZ,20180719,3.62,3.62,3.62,3.62,3.62,0.0,0.0,0.0,0.0,002239.SZ,9.08
2474,002239.SZ,20180720,3.62,3.62,3.62,3.62,3.62,0.0,0.0,0.0,0.0,002239.SZ,9.08
2475,002239.SZ,20180723,3.62,3.62,3.62,3.62,3.62,0.0,0.0,0.0,0.0,002239.SZ,9.08
2476,002239.SZ,20180724,3.62,3.62,3.62,3.62,3.62,0.0,0.0,0.0,0.0,002239.SZ,9.08
2477,002239.SZ,20180725,3.62,3.62,3.62,3.62,3.62,0.0,0.0,0.0,0.0,002239.SZ,9.08
2478,002239.SZ,20180726,3.62,3.62,3.62,3.62,3.62,0.0,0.0,0.0,0.0,002239.SZ,9.08
2479,002239.SZ,20180727,3.62,3.62,3.62,3.62,3.62,0.0,0.0,0.0,0.0,002239.SZ,9.08
2480,002239.SZ,20180730,3.62,3.62,3.62,3.62,3.62,0.0,0.0,0.0,0.0,002239.SZ,9.08
2481,002239.SZ,20180731,3.62,3.62,3.62,3.62,3.62,0.0,0.0,0.0,0.0,002239.SZ,9.08
2482,002239.SZ,20180801,3.62,3.62,3.62,3.62,3.62,0.0,0.0,0.0,0.0,002239.SZ,9.08
2483,002239.SZ,20180802,3.62,3.62,3.62,3.62,3.62,0.0,0.0,0.0,0.0,002239.SZ,9.08
2484,002239.SZ,20180803,3.62,3.62,3.62,3.62,3.62,0.0,0.0,0.0,0.0,002239.SZ,9.08
2485,002239.SZ,20180806,3.62,3.62,3.62,3.62,3.62,0.0,0.0,0.0,0.0,002239.SZ,9.08
2486,002239.SZ,20180807,3.62,3.62,3.62,3.62,3.62,0.0,0.0,0.0,0.0,002239.SZ,9.08
2487,002239.SZ,20180808,3.62,3.62,3.62,3.62,3.62,0.0,0.0,0.0,0.0,002239.SZ,9.08
2488,002239.SZ,20180809,3.62,3.62,3.62,3.62,3.62,0.0,0.0,0.0,0.0,002239.SZ,9.08
2489,002239.SZ,20180810,3.62,3.62,3.62,3.62,3.62,0.0,0.0,0.0,0.0,002239.SZ,9.08
2490,002239.SZ,20180813,3.62,3.62,3.62,3.62,3.62,0.0,0.0,0.0,0.0,002239.SZ,9.08
2491,002239.SZ,20180814,3.62,3.62,3.62,3.62,3.62,0.0,0.0,0.0,0.0,002239.SZ,9.08
2492,002239.SZ,20180815,3.62,3.62,3.62,3.62,3.62,0.0,0.0,0.0,0.0,002239.SZ,9.08
2493,002239.SZ,20180816,3.62,3.62,3.62,3.62,3.62,0.0,0.0,0.0,0.0,002239.SZ,9.08
2494,002239.SZ,20180817,3.62,3.62,3.62,3.62,3.62,0.0,0.0,0.0,0.0,002239.SZ,9.08
2495,002239.SZ,20180820,3.62,3.62,3.62,3.62,3.62,0.0,0.0,0.0,0.0,002239.SZ,9.08
2496,002239.SZ,20180821,3.62,3.62,3.62,3.62,3.62,0.0,0.0,0.0,0.0,002239.SZ,9.08
2497,002239.SZ,20180822,3.62,3.62,3.62,3.62,3.62,0.0,0.0,0.0,0.0,002239.SZ,9.08
2498,002239.SZ,20180823,3.62,3.62,3.62,3.62,3.62,0.0,0.0,0.0,0.0,002239.SZ,9.08
2499,002239.SZ,20180824,3.62,3.62,3.62,3.62,3.62,0.0,0.0,0.0,0.0,002239.SZ,9.08
2500,002239.SZ,20180827,3.62,3.62,3.62,3.62,3.62,0.0,0.0,0.0,0.0,002239.SZ,9.08
2501,002239.SZ,20180828,3.62,3.62,3.62,3.62,3.62,0.0,0.0,0.0,0.0,002239.SZ,9.08
2502,002239.SZ,20180829,3.62,3.62,3.62,3.62,3.62,0.0,0.0,0.0,0.0,002239.SZ,9.08
2503,002239.SZ,20180830,3.62,3.62,3.62,3.62,3.62,0.0,0.0,0.0,0.0,002239.SZ,9.08
2504,002239.SZ,20180831,3.26,3.26,3.26,3.26,3.62,-0.36,-9.9448,14584.0,4754.384,002239.SZ,9.08
2505,002239.SZ,20180903,2.93,2.93,2.93,2.93,3.26,-0.33,-10.1227,13109.0,3840.937,002239.SZ,9.08
2506,002239.SZ,20180904,2.64,2.64,2.64,2.64,2.93,-0.29,-9.8976,118916.0,31393.824,002239.SZ,9.08
2507,002239.SZ,20180905,2.45,2.7,2.45,2.61,2.64,-0.03,-1.1364,746302.28,190460.686,002239.SZ,9.08
2508,002239.SZ,20180906,2.48,2.55,2.43,2.44,2.61,-0.17,-6.5134,501015.66,124429.432,002239.SZ,9.08
2509,002239.SZ,20180907,2.44,2.54,2.4,2.5,2.44,0.06,2.459,365266.1,90001.537,002239.SZ,9.08
